0000001000
0000001010
0000001001
0000010001
0000011001
0000011010
0000100101
0000100101
0000100010
0000101000
0000101001
0000101010
0000110000
0000110010
0000110110
0000110000
0000110010
0000101100
0000110010
0000110001
0000101110
0000101000
0000101001
0000100111
0000101001
0000101001
0000101011
0000101011
0000100111
0000100111
0000101000
0000110000
0000101100
0000110001
0000101110
0000110000
0000110000
0000101101
0000101011
0000101001
0000101110
0000101110
0000101111
0000110001
0000101000
0000100101
0000101000
0000011100
0000010111
0000010001
0000010010
0000010001
0000001110
0000001111
0000010100
0000010110
0000011000
0000100000
0000100101
0000100100
0000100101
0000100101
0000100100
0000100010
0000101010
0000101010
0000101111
0000110110
0000111100
0000110101
0000111001
0000110100
0000110001
0000101110
0000101001
0000101001
0000100010
0000100001
0000011111
0000100011
0000100011
0000100011
0000100010
0000100001
0000011100
0000011000
0000010110
0000010111
0000010001
0000010010
0000010100
0000010111
0000010100
0000010000
0000001110
0000001011
0000000110
0000010001
0000010011
0000010011
0000010101
0000010111
0000010011
0000010101
0000011001
0000011110
0000010111
0000010101
0000001111
0000001000
0000001000
0000000010
0000000110
0000001000
0000000010
0000000000
0000000001
0000000101
0000000110
1111111111
0000000001
0000000010
0000000110
0000001000
0000001011
0000001010
0000001001
0000001100
0000001110
0000010010
0000010000
0000000111
0000001100
0000001011
0000000100
0000000110
1111111110
1111111101
1111110110
1111110101
1111110010
1111101101
1111101010
1111101011
1111101001
1111100111
1111100110
1111011111
1111011110
1111011001
1111010011
1111010010
1111001111
1111010100
1111010100
1111011000
1111010101
1111010111
1111010110
1111010111
1111010100
1111011011
1111010111
1111011101
1111011010
1111011110
1111011100
1111011001
1111011101
1111010101
1111010010
1111010111
1111011100
1111100000
1111100010
1111100110
1111100101
1111100100
1111100011
1111011110
1111011000
1111010111
1111011001
1111001101
1111001100
1111001101
1111001100
1111010000
1111010101
1111001111
1111010000
1111010010
1111010100
1111010100
1111010101
1111010010
1111010011
1111001111
1111001111
1111010010
1111001111
1111001110
1111010100
1111010000
1111001101
1111010100
1111001110
1111000100
1111001010
1111001101
1111010000
1111010101
1111010111
1111010100
1111010011
1111010000
1111001100
1111001111
1111001100
1111000110
1111001000
1111001001
1111001000
1111001001
1111000001
1111000001
1110111010
1110110110
1110111010
1111000001
1111000010
1111000011
1111001001
1111001100
1111000110
1111001100
1111000111
1111001001
1111000010
1110111101
1111000011
1111000001
1110111100
1110111011
1110111111
1111000000
1111000011
1110111111
1110111110
1110111101
1110111100
1110111010
1110111000
1110101110
1110110001
1110110000
1110110001
1110101100
1110101101
1110110111
1110111100
1110111101
1110110100
1110110001
1110101111
1110101101
1110110000
1110110111
1110101101
1110101000
1110100101
1110101110
1110101110
1110101101
1110101010
1110101001
1110100001
1110011100
1110011101
1110010111
1110010011
1110010111
1110010001
1110001111
1110001111
1110010000
1110001111
1110001110
1110010001
1110010100
1110010000
1110001000
1110000110
1110000101
1110000110
1110001100
1110001010
1110001010
1110000111
1110001010
1110000001
1101111110
1101111010
1101111000
1101110001
1101101110
1101101010
1101101011
1101101101
1101110011
1101110100
1101111011
1101111100
1110000011
1110000110
1101111110
1101111011
1101111010
1101111000
1101110001
1101110100
1101101010
1101100110
1101011111
1101100011
1101101000
1101100010
1101100110
1101100101
1101100100
1101101110
1101101000
1101100011
1101101011
1101100110
1101100100
1101100100
1101100101
1101011101
1101010111
1101011010
1101011100
1101100000
1101011111
1101100001
1101100000
1101100101
1101101010
1101101101
1101100110
1101011111
1101100110
1101100011
1101100011
1101100111
1101100001
1101011101
1101011110
1101011101
1101011100
1101011011
1101011011
1101100000
1101011110
1101011000
1101011010
1101100100
1101101100
1101101000
1101101001
1101101010
1101100110
1101101010
1101100100
1101100100
1101101010
1101101100
1101100111
1101101000
1101100110
1101101010
1101101110
1101110000
1101101011
1101101100
1101101011
1101101101
1101101011
1101110000
1101110110
1101110000
1101110110
1101110000
1101110100
1101101110
1101110011
1101101100
1101101011
1101100101
1101100110
1101101001
1101101110
1101110010
1101110001
1101101111
1101101110
1101101111
1101101101
1101101011
1101101110
1101110001
1101111000
1101110111
1101111101
1101111011
1101110011
1101111010
1101110011
1101110011
1101110101
1101110111
1101110101
1101110101
1101111000
1101110101
1101110110
1101110011
1101110111
1101111011
1101110110
1101110101
1101110100
1101110101
1101110101
1101111010
1101111011
1101111010
1101110101
1101110010
1101110001
1101110001
1101111000
1101111111
1101111111
1101111111
1101111001
1101111011
1110000000
1110000100
1110000100
1110000101
1110000110
1110000010
1110000011
1110000110
1110000101
1110000110
1110000011
1110000010
1101111110
1110000010
1110000101
1110000110
1110001000
1110000011
1110000010
1101111111
1101111111
1110000101
1110000011
1110000000
1110000000
1110000110
1110000110
1110000011
1110000001
1110000100
1110000100
1110000010
1101111111
1101111010
1110000000
1101111011
1101111010
1101111000
1101110110
1101111000
1101111001
1101111101
1110000010
1101111110
1101111011
1101111000
1101111000
1101110101
1101110111
1101101111
1101110011
1101111000
1101110110
1101110011
1101101001
1101101010
1101101110
1101110010
1101110011
1101101100
1101101111
1101101010
1101101110
1101110001
1101110001
