0000000011
0000000010
1111111101
1111111111
0000000010
0000000010
1111111100
0000000110
0000000110
0000000100
1111111100
1111110111
1111111011
1111110111
1111110111
1111111010
1111110100
1111111010
1111111001
1111111010
0000000010
0000000110
0000000111
0000000010
0000000100
0000000011
0000000110
0000000001
1111111011
1111111011
1111110111
1111110101
1111110100
1111110100
1111110101
1111111100
1111111110
1111111111
0000000000
0000000101
0000000111
0000000100
0000000100
0000000101
0000000001
1111111100
1111111111
1111111110
0000000001
0000000010
0000000101
0000001101
0000001101
0000001101
0000000101
0000000011
1111111111
1111111001
1111110111
1111110100
1111101110
1111101001
1111100000
1111100010
1111100101
1111011011
1111100110
1111101001
1111101101
1111101001
1111100110
1111100001
1111100011
1111100100
1111100110
1111100111
1111100000
1111100010
1111100001
1111101000
1111100111
1111100100
1111011111
1111100100
1111100010
1111011011
1111011011
1111011000
1111011001
1111010100
1111001111
1111010011
1111010011
1111010011
1111010001
1111010001
1111001101
1111010000
1111010111
1111010100
1111010110
1111010100
1111010011
1111001111
1111001010
1111001010
1111001001
1111000110
1111001101
1111010000
1111010001
1111001100
1111001011
1111001001
1111000011
1111000100
1111000100
1111000111
1111000100
1111000010
1111000011
1111000011
1110110110
1110110101
1110110100
1110110111
1110110111
1110111001
1110110111
1110111001
1110111000
1110110101
1110110010
1110110111
1110111110
1110111101
1110111111
1110110101
1110110101
1110110010
1110101011
1110100101
1110101000
1110100110
1110100111
1110100111
1110101110
1110101110
1110110000
1110110101
1110110110
1110111000
1110111011
1110111110
1110111111
1110111000
1110111000
1111000000
1111000111
1111000110
1111001000
1111001000
1111001101
1111001100
1111000011
1111000001
1111000010
1111001010
1111001100
1111001010
1111001000
1111000110
1111000011
1111000010
1110111110
1111000011
1110111111
1110111101
1111000101
1111001110
1111001011
1111001100
1111010100
1111010111
1111010101
1111011010
1111010100
1111011000
1111100001
1111100001
1111100001
1111100111
1111101110
1111100100
1111100000
1111100010
1111101000
1111100111
1111100110
1111100111
1111110000
1111101011
1111110111
1111111111
0000000000
0000000100
0000000100
0000000111
0000000111
0000000101
0000000011
0000001100
0000010000
0000010000
0000011000
0000010101
0000010101
0000011011
0000011110
0000011101
0000011010
0000010111
0000011010
0000011100
0000010110
0000010110
0000010110
0000011010
0000100000
0000100000
0000100000
0000100100
0000100100
0000101001
0000101111
0000101110
0000110100
0000110101
0000110001
0000110010
0000110010
0000101100
0000101101
0000101110
0000101101
0000101001
0000101101
0000101000
0000100000
0000011011
0000011110
0000011011
0000011111
0000011010
0000010100
0000010011
0000010100
0000010011
0000011011
0000011101
0000011111
0000100001
0000100011
0000011100
0000011101
0000011111
0000100100
0000101001
0000110000
0000110101
0000110111
0000110111
0000110001
0000110000
0000110011
0000101111
0000101011
0000101110
0000110010
0000110110
0000110101
0000110010
0000101110
0000101110
0000101001
0000101010
0000101100
0000101101
0000110001
0000110000
0000110000
0000101101
0000101010
0000101110
0000110011
0000110111
0000110110
0000111000
0001000010
0001000101
0001000101
0000111101
0000111110
0001000001
0001000110
0001000011
0001000010
0001000000
0001000100
0001000100
0001001010
0001001101
0001010100
0001010110
0001010000
0001010010
0001001111
0001011100
0001011011
0001010111
0001010111
0001011011
0001011101
0001100110
0001101000
0001101000
0001101000
0001100101
0001100100
0001100100
0001100101
0001101100
0001101100
0001101001
0001101001
0001101000
0001101001
0001101010
0001101010
0001101110
0001101000
0001101011
0001101000
0001101011
0001100111
0001101011
0001101000
0001101010
0001101111
0001101011
0001101001
0001101011
0001101100
0001101101
0001110000
0001101111
0001110000
0001110000
0001101111
0001110001
0001110111
0001111011
0001110110
0001111000
0001110110
0001110110
0001110010
0001110111
0001110101
0001110011
0001110011
0001101011
0001100011
0001100100
0001100011
0001100001
0001100001
0001011011
0001011001
0001010100
0001011011
0001011110
0001100001
0001011111
0001011010
0001100001
0001011110
0001011101
0001011111
0001100100
0001100010
0001101100
0001110101
0001110110
0001110111
0001111011
0001111010
0001111101
0010000000
0010000010
0010001011
0010001110
0010001011
0010000111
0010000110
0001111111
0010000010
0001111111
0010001011
0010001010
0010001010
0010001001
0010001010
0010000111
0010001101
0010000100
0010000010
0001111110
0001111000
0001111010
0001111011
0001110111
0001110100
0001111101
0001111011
0001111111
0010000010
0001111101
0010000111
0010001010
0010001000
0010000010
0010000010
0010000011
0010000110
0010001001
0010001000
0010001010
0010000110
0010000100
0010000000
0001111111
0010000010
0001110111
0001110100
0001110101
0001110101
0001110111
0001110100
0001110010
0001101100
0001101100
0001101101
0001101011
0001101010
0001101100
0001101101
0001101111
0001110001
0001101110
0001101110
0001101011
0001101100
0001101011
0001101111
0001110110
0001110111
0001111000
0001110111
0010000001
0001111100
0010000000
0010000001
0001111101
0001111110
0001111011
0001111010
0001111010
0001111101
0001111010
0001111111
0001111101
0001110110
0001110111
0001110100
0001110001
0001111011
0001111011
0001111100
0010000001
0010000011
0010001000
0010000010
0010000110
0010000111
0001111011
0001111001
0001111110
0001111100
0001111110
0010000001
0001111011
0001111001
0001110110
0001110110
0001110101
0001110100
0001110011
0001101100
0001101101
0001110000
0001101110
