0000000101
0000000000
1111111100
1111111111
1111111101
0000000011
0000001010
0000001100
0000010100
0000010011
0000010010
0000010000
0000010001
0000001101
0000001010
0000001110
0000001010
0000001010
0000000111
0000001000
0000001010
0000001100
0000001101
0000001110
0000001111
0000010010
0000011101
0000010110
0000010001
0000010100
0000010101
0000010110
0000010111
0000011000
0000011000
0000010110
0000010100
0000010111
0000010111
0000010100
0000010110
0000011000
0000011010
0000011000
0000011111
0000100010
0000100100
0000100100
0000100110
0000100100
0000011111
0000100001
0000100010
0000101110
0000110001
0000101011
0000101010
0000101010
0000101011
0000100110
0000100000
0000100000
0000100000
0000100000
0000100100
0000100011
0000100111
0000100100
0000100111
0000101000
0000101000
0000100110
0000101001
0000101001
0000101101
0000101110
0000101101
0000101000
0000100011
0000100011
0000100101
0000100110
0000100101
0000011111
0000011000
0000011011
0000011001
0000011000
0000011001
0000010010
0000010011
0000100000
0000011100
0000011011
0000011000
0000011000
0000011000
0000010101
0000010110
0000010010
0000001101
0000010011
0000010011
0000010111
0000010001
0000010010
0000001111
0000001101
0000001110
0000001101
0000000101
0000001010
0000000111
0000000100
0000000110
0000000010
1111111011
0000000000
0000000000
1111111101
0000000001
0000000111
0000001110
0000010000
0000010001
0000001110
0000000111
0000001101
0000001001
0000000110
0000000110
0000000010
0000000011
0000000101
0000000010
0000000011
1111111100
1111101111
1111110001
1111110100
1111110000
1111101001
1111101011
1111110011
1111101101
1111110001
1111101111
1111101111
1111100111
1111101000
1111101000
1111100110
1111101110
1111101001
1111101000
1111101001
1111011111
1111011001
1111011010
1111100010
1111100010
1111100101
1111100111
1111100100
1111100000
1111010110
1111011110
1111011011
1111010110
1111011110
1111100010
1111011100
1111011011
1111100010
1111100100
1111101101
1111101001
1111101011
1111101010
1111100100
1111101010
1111101100
1111100101
1111100111
1111100111
1111100010
1111100011
1111011110
1111011010
1111010100
1111011100
1111011010
1111010001
1111001101
1111001110
1111001110
1111001001
1111000110
1111000111
1111000100
1111001001
1111001001
1111001100
1111001110
1111001001
1111000100
1111000101
1111000111
1111000100
1111001010
1111001011
1111001011
1111001011
1111001101
1111010011
1111010100
1111011000
1111010100
1111010011
1111010011
1111010101
1111010001
1111001110
1111001100
1111000110
1111000110
1111001010
1111001101
1111001110
1111010100
1111010010
1111010101
1111010111
1111010100
1111010101
1111011000
1111010011
1111010011
1111001110
1111010000
1111001110
1111001111
1111001110
1111010011
1111001110
1111010010
1111010000
1111001100
1111010011
1111001101
1111010100
1111011010
1111010111
1111010010
1111010111
1111010110
1111011011
1111011011
1111011010
1111010111
1111011000
1111010110
1111010001
1111010011
1111010100
1111010101
1111010000
1111010010
1111010100
1111010100
1111010011
1111001111
1111001101
1111001011
1111001010
1111001010
1111000111
1111001000
1111000100
1111000100
1111000010
1111000011
1111000010
1111000010
1111000101
1111000101
1111000100
1111000011
1110111100
1111000101
1111000000
1110111110
1111000000
1111000001
1110111110
1111000000
1111000000
1110111101
1110111110
1111000001
1110111001
1110111011
1110110110
1110110001
1110101110
1110101010
1110101101
1110101100
1110110011
1110110000
1110101101
1110110011
1110110011
1110110011
1110101011
1110101001
1110101010
1110100101
1110011110
1110011101
1110011101
1110011001
1110011010
1110011011
1110010010
1110010011
1110001110
1110010001
1110010001
1110010000
1110010000
1110001111
1110010101
1110010100
1110010111
1110011000
1110010111
1110001111
1110001100
1110001011
1110000110
1110001101
1110001011
1110001110
1110000110
1110000011
1101111111
1101111110
1101111100
1101110100
1101101111
1101110000
1101101111
1101101010
1101100010
1101100000
1101011111
1101011011
1101010110
1101011001
1101011010
1101011000
1101010010
1101001101
1101001110
1101000100
1101000110
1101000110
1101001010
1101000101
1101000001
1101000011
1101000100
1101001001
1101000010
1101000011
1101000110
1101000101
1101001010
1101000101
1101000010
1101000010
1101000011
1101000001
1101000000
1100111110
1101001000
1101001010
1101001011
1101001010
1101001110
1101001011
1101001100
1101001010
1101010011
1101010100
1101010011
1101010100
1101001110
1101001111
1101001111
1101010010
1101010001
1101001101
1101001111
1101000111
1101001000
1101000100
1101000101
1101001000
1101000110
1101000011
1101000011
1101001000
1101001110
1101001100
1101000111
1101001100
1101001011
1101000101
1101000100
1101000111
1101000110
1101001010
1101000110
1101001010
1101000111
1101000111
1101000101
1101000011
1101000110
1101000110
1101001101
1101001101
1101000111
1101000110
1101000110
1101000001
1101000010
1101000101
1100111111
1100111111
1100111111
1101000001
1101000100
1101000110
1100111110
1101000010
1101000000
1100111101
1100110011
1100101110
1100110010
1100110000
1100101011
1100101100
1100101110
1100101111
1100101110
1100101100
1100111001
1100111010
1100111001
1100111001
1100111110
1100111110
1100111111
1101000000
1101000001
1101000100
1101000001
1101000011
1100111101
1101000001
1101000010
1100111111
1101000101
1101001000
1101001001
1101000111
1101000001
1100111110
1100111110
1100111000
1100111010
1100111000
1100110011
1100110010
1100100111
1100100100
1100100000
1100011100
1100011100
1100100000
1100100011
1100100110
1100100110
1100100010
1100100000
1100100011
1100100100
1100101001
1100101001
1100101001
1100101111
1100101011
1100101100
1100101100
1100110000
1100110101
1100110011
1100110000
