0000000011
0000000010
0000000010
1111111110
1111111010
1111111111
0000000000
0000000110
0000000011
0000000101
0000001011
0000010001
0000001000
0000000011
0000000111
0000001101
0000001111
0000010010
0000010001
0000010010
0000010010
0000010111
0000001110
0000001010
0000001100
0000001000
0000000110
0000001001
0000000110
0000001011
0000001001
0000001100
0000001011
0000000001
1111111110
1111111010
1111111011
1111111011
1111111011
1111111001
1111111011
1111110110
1111111010
1111111110
1111111000
1111110101
1111110101
1111110101
1111110000
1111101011
1111101101
1111100110
1111100101
1111100001
1111100101
1111101100
1111101101
1111101000
1111101010
1111101001
1111100111
1111101101
1111100100
1111100010
1111100010
1111011010
1111011011
1111011100
1111011111
1111011101
1111011110
1111100100
1111100101
1111100110
1111011101
1111011100
1111011110
1111011101
1111011001
1111011101
1111011010
1111011100
1111011101
1111100110
1111101010
1111100101
1111100001
1111011011
1111011000
1111100000
1111100000
1111011111
1111011111
1111100001
1111100100
1111100100
1111100010
1111101000
1111100111
1111101100
1111101101
1111101010
1111101110
1111110000
1111101001
1111110001
1111110011
1111110010
1111101111
1111110000
1111110011
1111101111
1111101111
1111110000
1111101101
1111101000
1111100011
1111100110
1111101010
1111101110
1111101010
1111101110
1111101101
1111101001
1111100110
1111101001
1111100101
1111101110
1111101100
1111101101
1111101001
1111110001
1111110001
1111110000
1111110110
1111110110
1111110001
1111110100
1111111001
1111111110
0000000010
0000000100
0000000101
1111111111
0000000000
0000000000
1111111110
1111110111
1111110101
1111110100
1111110110
1111111010
1111111011
1111111011
1111111110
1111111111
0000000001
0000000000
1111111010
0000000000
0000000100
0000000010
0000001001
0000001000
0000000111
0000001000
0000001111
0000001101
0000010001
0000001111
0000001010
1111111110
0000000101
0000000011
0000000010
0000000100
0000001010
0000001001
0000000101
0000000101
0000000110
0000001010
0000001110
0000001000
0000001000
0000000101
0000000100
0000000110
0000001101
0000001010
0000000011
0000001000
0000000110
0000001011
0000001110
0000001110
0000010000
0000001101
0000001001
0000000011
0000000100
0000001100
0000001111
0000001100
0000001010
0000001001
0000001111
0000001100
0000010010
0000010010
0000010011
0000010100
0000010001
0000001100
0000000110
0000000101
0000000001
0000001110
0000010101
0000001011
0000001110
0000010010
0000010011
0000010101
0000011010
0000010100
0000001011
0000001000
0000000110
0000000110
0000001000
0000001010
0000001010
0000000111
0000001000
0000000111
0000001100
0000001010
0000010011
0000010110
0000010101
0000010010
0000001110
0000001010
0000001000
0000001010
0000000101
0000000011
0000000011
0000000000
0000000010
1111111111
0000000001
0000000110
0000000101
0000000010
0000000100
0000000001
1111111110
0000000001
0000000011
0000000001
1111111111
1111111011
0000000000
1111111111
1111111110
0000000001
0000000100
0000000100
0000000010
0000000110
0000000110
0000000110
0000001110
0000010100
0000010110
0000011110
0000011101
0000011010
0000011010
0000011001
0000010101
0000011100
0000011101
0000100001
0000101011
0000100100
0000100110
0000101101
0000101110
0000110010
0000110010
0000110100
0000110000
0000101111
0000111000
0000111001
0001000010
0000111110
0001000010
0001000000
0001000011
0001000001
0001000000
0000111011
0000111010
0001000001
0001000110
0001001010
0001010010
0001010000
0001010000
0001010100
0001011001
0001011000
0001010111
0001010011
0001010100
0001010011
0001010001
0001010001
0001001111
0001001111
0001001011
0001010000
0001010100
0001010010
0001010010
0001010110
0001010111
0001011100
0001100001
0001100010
0001100011
0001100111
0001100010
0001100001
0001100101
0001101011
0001101001
0001101001
0001101101
0001110110
0001111100
0001111010
0001111011
0001111111
0010000001
0001111111
0001111110
0001111011
0001111111
0001111110
0001111111
0010000011
0001111110
0001111100
0001111111
0001111111
0010000000
0001111110
0001111100
0001111101
0010000101
0010000100
0010001000
0010001011
0010010000
0010001010
0010001101
0010001110
0010001110
0010010001
0010010000
0010010110
0010010001
0010001010
0010000111
0010001001
0010001010
0010001100
0010001000
0010000110
0010000100
0010000001
0010000000
0010000001
0010000000
0001111101
0001111111
0001110111
0001110100
0001111011
0001110011
0001110001
0001110001
0001101101
0001110001
0001110001
0001110110
0001111001
0010000001
0010000001
0001111111
0001111110
0001111110
0010000101
0010000100
0010000011
0010000011
0010000000
0001111001
0001111110
0001110111
0001110110
0001111001
0001110001
0001101111
0001101110
0001101011
0001100111
0001101010
0001101101
0001101100
0001110000
0001110101
0001110010
0001110111
0010000010
0010000011
0010000101
0010001001
0010000110
0010001000
0010001101
0010010101
0010010001
0010010101
0010010001
0010010110
0010010101
0010010110
0010010110
0010010101
0010001111
0010001010
0010001001
0001111011
0001111010
0001111011
0001111011
0001111001
0001111010
0001111001
0001111100
0001111100
0001111100
0001111001
0001111101
0010000110
0010000111
0010001010
0010001100
0010010000
0010001111
0010010000
0010010000
0010010010
0010001111
0010010101
0010011000
0010011101
0010011001
0010010101
0010010010
0010001101
0010010011
0010010011
0010010100
0010011001
0010011001
0010011101
0010011011
0010011000
0010001110
0010001101
0010010011
0010010110
0010010110
0010010111
0010011101
0010011100
0010100001
0010011110
0010011110
0010011011
0010011101
0010011110
0010100100
0010100110
0010101001
0010100011
0010100110
0010100010
0010011010
0010011011
0010011101
0010011110
0010100100
0010100111
0010100110
