0000000011
0000000111
0000000011
0000000001
0000000010
0000000000
0000000001
0000000001
0000000110
0000001001
0000000001
0000000100
0000000001
1111111111
0000000100
0000000000
0000000101
0000001000
0000000110
0000000110
0000001010
0000001001
0000001000
0000001101
0000001101
0000001001
0000000101
0000001000
0000000101
0000000000
0000000010
1111111101
1111111001
1111111001
1111111011
0000000000
1111110111
1111110011
1111110001
1111110100
1111110001
1111110010
1111110001
1111101101
1111110000
1111101111
1111101100
1111101011
1111100101
1111100011
1111011111
1111011011
1111011100
1111011100
1111011110
1111010001
1111010001
1111010100
1111010001
1111011000
1111011000
1111011000
1111010010
1111010000
1111010000
1111010101
1111001101
1111001101
1111001011
1111000110
1111001001
1111001011
1111001100
1111001101
1111001100
1111001010
1111000111
1111001001
1111000100
1111000010
1111000010
1110111011
1110111011
1111000000
1111000011
1111000010
1111000110
1111001000
1111001111
1111010010
1111010101
1111010011
1111010000
1111001011
1111001100
1111000110
1110111011
1110111100
1111000000
1111000000
1111000010
1111000001
1111000010
1110111111
1110111111
1111000001
1111000100
1111000001
1110111111
1110111100
1110111101
1110111111
1111000010
1111000100
1111001010
1111001000
1111001001
1111000010
1111000001
1110111111
1111000011
1111001001
1111010100
1111010111
1111010000
1111001101
1111001011
1111001101
1111001010
1111000011
1111001000
1111001100
1111010000
1111010010
1111010010
1111001111
1111010001
1111010011
1111010010
1111010000
1111001101
1111001110
1111001001
1111001011
1111000100
1111001000
1111000101
1110111001
1111000000
1110111001
1110111111
1110111111
1111000100
1111000001
1111000011
1111000100
1111001111
1111010011
1111010111
1111011011
1111100011
1111011101
1111011001
1111011010
1111011000
1111011000
1111011101
1111011010
1111011000
1111010110
1111010100
1111010111
1111010011
1111010100
1111001111
1111001011
1111000100
1111000100
1111000110
1111001001
1111001010
1111001110
1111000111
1111000010
1111000011
1111000101
1111001000
1111010000
1111010000
1111001111
1111010010
1111011000
1111010101
1111010010
1111001101
1111010010
1111010111
1111011000
1111010100
1111010001
1111001100
1111001010
1111001101
1111001110
1111001010
1111001111
1111010011
1111010000
1111010000
1111001100
1111001111
1111001110
1111001100
1111001101
1111001101
1111001101
1111010010
1111001110
1111001011
1111000110
1111000010
1110111111
1111000101
1111001001
1111001011
1111001000
1111000110
1111000100
1111001000
1111010000
1111001001
1111000101
1111000110
1110111101
1110111011
1110111110
1110111010
1110111000
1110111100
1110111101
1110111101
1110110111
1110110101
1110101001
1110100100
1110100000
1110011110
1110011011
1110011110
1110011001
1110010110
1110011001
1110011000
1110011000
1110010010
1110010000
1110010010
1110001101
1110001011
1110001101
1110010001
1110001111
1110010000
1110001101
1110010000
1110010000
1110001100
1110001000
1110001010
1110010011
1110001111
1110001101
1110001001
1110000111
1110000010
1110000001
1101111101
1110000011
1110000100
1110001000
1110001100
1110001110
1110000011
1101111100
1110000000
1101111101
1101111011
1101111001
1101111001
1101110101
1101110001
1101101101
1101110000
1101110001
1101110001
1101101110
1101110110
1101110111
1101110100
1101110110
1101111000
1101110001
1101110100
1101110000
1101110100
1101110011
1101101000
1101101010
1101101011
1101101000
1101101000
1101101110
1101110001
1101110110
1101101111
1101101000
1101100100
1101100011
1101011110
1101011000
1101010010
1101010111
1101010010
1101010110
1101010111
1101010011
1101010011
1101010101
1101010111
1101011100
1101100001
1101011110
1101100010
1101100011
1101100000
1101100000
1101011001
1101011110
1101011101
1101011011
1101011100
1101011100
1101011101
1101011010
1101011000
1101010100
1101010010
1101010000
1101001010
1101010000
1101010010
1101010100
1101010000
1101010001
1101010000
1101001111
1101000111
1101000110
1101000101
1101000001
1101000001
1101000011
1101000010
1101000110
1101000111
1101000101
1101000111
1101000100
1101000011
1101000011
1101000000
1101000110
1101000100
1101000001
1100111110
1101000000
1100111100
1101000100
1101001001
1101001011
1101001001
1101001010
1101001000
1101000100
1101001001
1101001000
1101000111
1101001001
1101001001
1101000110
1101001010
1101001101
1101010000
1101010001
1101010010
1101011010
1101011101
1101011000
1101011111
1101100011
1101100000
1101100000
1101011111
1101011100
1101011101
1101011111
1101011000
1101011011
1101010011
1101010101
1101010001
1101001111
1101001100
1101010010
1101001111
1101010001
1101010100
1101010010
1101010100
1101010100
1101011000
1101011100
1101011100
1101011101
1101011101
1101100001
1101100111
1101101001
1101101111
1101110000
1101101011
1101101100
1101101110
1101101011
1101100101
1101011101
1101011001
1101011100
1101011111
1101100011
1101100100
1101100011
1101100000
1101011011
1101011001
1101011010
1101011101
1101011110
1101100110
1101101011
1101100110
1101100101
1101101011
1101110001
1101100100
1101100110
1101101010
1101101000
1101100100
1101101001
1101101011
1101101010
1101100100
1101100100
1101101000
1101101100
1101101101
1101101000
1101101110
1101101001
1101101110
1101101101
1101101111
1101110001
1101110010
1101101111
1101110100
1101110111
1101111100
1101111111
1110000111
1110001110
1110001100
1110010000
1110000110
1110001000
1110000110
1110000000
1101111011
1101111010
1101110101
1101111001
1101111101
1110000000
1110000010
1110000100
1110000100
1110000001
1110000110
1110000101
1110000111
1110001001
1110000110
1110000111
1110000101
1110000011
1110000011
1110000110
1110000010
1101111110
1101111100
1101111110
