1111111101
1111111011
1111111100
1111111010
1111111011
1111110100
1111111101
0000000000
1111111110
0000000000
0000000001
0000000001
1111111111
1111111100
0000000000
0000000001
0000000100
1111111111
1111111101
1111110010
1111110011
1111101001
1111110001
1111110011
1111101010
1111101111
1111101110
1111101111
1111101110
1111101011
1111101001
1111100100
1111100000
1111100011
1111100010
1111100010
1111011111
1111100111
1111100101
1111011111
1111010100
1111011000
1111010010
1111010000
1111001000
1111001100
1111001100
1111001101
1111001100
1111001010
1111001101
1111001110
1111001101
1111001110
1111001000
1111001010
1111000110
1111001011
1111000111
1111001000
1111000001
1111000000
1110111111
1110111010
1110111111
1111000001
1110111100
1110111111
1111000001
1111001001
1111000111
1111001011
1111001011
1111000101
1111000011
1111000100
1111000110
1111000100
1111000010
1110111101
1110111011
1110111011
1110111000
1110110010
1110110010
1110110011
1110110100
1110110100
1110110110
1110110111
1110101111
1110101111
1110100111
1110100110
1110100101
1110101100
1110101011
1110101001
1110100101
1110101110
1110101111
1110101111
1110101100
1110100111
1110101000
1110100100
1110101001
1110101010
1110100110
1110100010
1110101000
1110101001
1110101001
1110100110
1110100100
1110100100
1110011111
1110100010
1110011001
1110011101
1110100000
1110100010
1110100100
1110011110
1110011000
1110011010
1110011101
1110011101
1110011111
1110100011
1110011011
1110011011
1110011010
1110100000
1110011111
1110011011
1110010111
1110011000
1110010100
1110010100
1110001110
1110001001
1110001001
1110001000
1110001110
1110001111
1110001101
1110010101
1110010111
1110011011
1110011100
1110010100
1110010101
1110010101
1110011000
1110011000
1110011110
1110100000
1110010111
1110011000
1110011101
1110010111
1110010101
1110001111
1110001101
1110010100
1110010000
1110010011
1110010110
1110011011
1110100010
1110100100
1110100001
1110100010
1110011011
1110100001
1110100111
1110100010
1110011101
1110011011
1110011011
1110010110
1110010100
1110010100
1110010011
1110010001
1110010011
1110011101
1110011011
1110010111
1110011000
1110011011
1110011000
1110010100
1110010110
1110001110
1110001111
1110001010
1110001010
1110010000
1110001111
1110010010
1110010100
1110010010
1110010001
1110010011
1110001111
1110001100
1110001001
1110001000
1110001001
1110001011
1110001100
1110000100
1101111011
1101110110
1101110010
1101110011
1101110010
1101110011
1101110100
1101110100
1101111001
1101111000
1101111010
1101110010
1101110101
1101110111
1101110001
1101111000
1101111001
1101110010
1101110101
1101110100
1101110100
1101110100
1101110010
1101110001
1101101010
1101101001
1101101000
1101101010
1101101111
1101110101
1101111111
1110000101
1101111010
1101111101
1101111110
1110000011
1110000010
1101111111
1110000110
1110010000
1110001101
1110001001
1110001000
1110001100
1110010000
1110010000
1110001100
1110001000
1110000111
1110000011
1110000010
1110000011
1110001100
1110001000
1110001000
1110000101
1110000110
1110000001
1110000011
1110000011
1110000001
1101111101
1110000000
1101111110
1101111110
1101111101
1110000010
1110000100
1110000101
1110000010
1110000101
1110000010
1110000100
1110001000
1110001100
1110001000
1110001110
1110010001
1110011001
1110011000
1110001111
1110010011
1110010011
1110001101
1110001100
1110000111
1110000101
1110000101
1101111111
1101111110
1101111100
1101110111
1101111001
1101111010
1110000101
1110001000
1110001000
1110000011
1110000111
1110000110
1110000100
1110001010
1110001111
1110001100
1110010001
1110001100
1110001011
1110001010
1110001011
1110001010
1110001100
1110010000
1110010010
1110010101
1110010100
1110011010
1110010110
1110010010
1110010101
1110010111
1110011111
1110100100
1110100001
1110100010
1110100010
1110100000
1110011110
1110011010
1110011001
1110011100
1110010011
1110010110
1110010101
1110010001
1110010100
1110010001
1110001110
1110010001
1110010000
1110010011
1110010100
1110010011
1110001011
1110000110
1110001010
1110001011
1110001011
1110001011
1110001000
1110001010
1110000111
1110000011
1110000101
1110000101
1110000110
1110001001
1110000100
1101111101
1101111011
1101111001
1101111000
1101111000
1101110100
1101110100
1101110010
1101111001
1101110010
1101111000
1101110011
1101101110
1101101010
1101101010
1101101001
1101101010
1101101101
1101101011
1101100100
1101101010
1101101111
1101101101
1101101010
1101100111
1101100010
1101100001
1101100101
1101100100
1101011100
1101011010
1101011011
1101010100
1101001100
1101001100
1101000100
1101001000
1101001001
1101010000
1101010010
1101011001
1101011011
1101011000
1101010110
1101011010
1101011001
1101011001
1101010111
1101010101
1101001111
1101001000
1101001100
1101001100
1101001110
1101001111
1101001101
1101001010
1101001100
1101001011
1100111111
1100111001
1100111001
1100111011
1100111010
1100111000
1100110000
1100101100
1100101110
1100101111
1100110001
1100101111
1100110010
1100110100
1100110110
1100110010
1100110100
1100110100
1100110111
1100111011
1100111100
1100111001
1100111011
1101000011
1101000100
1101000011
1100111101
1101000001
1101000110
1101000100
1101000000
1100111100
1100111100
1100111101
1100111011
1100111110
1100111010
1100111111
1101000001
1100111111
1101000100
1101000101
1101000001
1101001000
1101000110
1101000111
1101001010
1101001101
1101001011
1101001101
1101001111
1101001111
1101000010
1100111001
1100110110
1100111001
1100111101
1100110111
1100110110
1100111010
1100111010
1100111011
1101000010
1100111100
1100111010
1100111011
1100110100
1100110110
1100110011
1100110101
1100110110
1100110111
1100111000
1100111011
1100110010
1100110011
1100110110
1100111100
1100111100
1100111111
1101000011
1101000001
