0000001100
0000001110
0000010111
0000010100
0000010101
0000010011
0000001011
0000000111
0000001101
0000001010
0000000110
0000001100
0000001100
0000001111
0000010100
0000010011
0000010001
0000011000
0000010001
0000010111
0000011110
0000011101
0000100001
0000100010
0000100001
0000011100
0000011111
0000100010
0000100101
0000101001
0000101100
0000101010
0000101100
0000110100
0000110100
0000110110
0000111111
0001000011
0001000011
0001000101
0001001101
0001010001
0001010010
0001010110
0001011000
0001011011
0001011110
0001011100
0001100101
0001100100
0001101001
0001100100
0001101101
0001101100
0001101100
0001110000
0001110001
0001110101
0001110110
0001110110
0001111001
0001111001
0001110101
0001110110
0001110011
0001110111
0001110101
0001110010
0001111000
0001110110
0001110010
0001101010
0001101101
0001110100
0001110111
0001110101
0001111010
0001110110
0001111101
0010000000
0001111010
0001111000
0001111000
0001111001
0010000001
0010000001
0001111110
0001111110
0001111100
0001111011
0001111101
0001111010
0001111111
0010000101
0010001001
0010001011
0010010000
0010001100
0010010011
0010001110
0010000110
0010001010
0010000101
0010001010
0010001010
0010000101
0010000111
0001111111
0010000000
0010000000
0010000001
0010000000
0010000111
0001111111
0010000101
0010000110
0001111111
0010000101
0010001010
0010001011
0010000111
0010001001
0010000010
0010000000
0010000010
0010000101
0010000010
0010000001
0010000110
0001111101
0001111101
0010000000
0001111111
0001111110
0010000001
0010000010
0010000001
0010001100
0010010001
0010010001
0010010101
0010010110
0010011010
0010011110
0010011110
0010100001
0010011110
0010011101
0010100000
0010100001
0010011011
0010010111
0010011010
0010011100
0010010101
0010010111
0010011001
0010011101
0010100000
0010011001
0010011100
0010011011
0010100011
0010100000
0010100110
0010100011
0010100100
0010100111
0010100000
0010100011
0010100100
0010011100
0010011000
0010011000
0010011011
0010010111
0010010101
0010011000
0010011011
0010011100
0010011110
0010011100
0010011010
0010011001
0010011001
0010011110
0010011011
0010011010
0010011110
0010100001
0010011111
0010100000
0010011110
0010011111
0010100011
0010100011
0010100011
0010100110
0010101101
0010101010
0010101011
0010101010
0010100111
0010100110
0010100101
0010101100
0010100011
0010101001
0010101101
0010110000
0010101110
0010101110
0010101110
0010101110
0010110001
0010110101
0010110011
0010110110
0010110111
0010111100
0010110110
0010111001
0010110011
0010101110
0010101100
0010101110
0010110100
0010101111
0010110011
0010110000
0010110010
0010101111
0010110001
0010110001
0010110010
0010110000
0010101101
0010101110
0010100101
0010100101
0010100100
0010100000
0010011101
0010100100
0010100001
0010011110
0010011000
0010010101
0010010100
0010010101
0010010111
0010010100
0010010110
0010010101
0010010100
0010010100
0010010111
0010011100
0010011001
0010011010
0010011001
0010010010
0010001100
0010001011
0010000111
0010000110
0010000111
0010001001
0010000111
0010001010
0010010010
0010010000
0010010000
0010001110
0010001010
0010000100
0010000011
0010000010
0010001000
0010001001
0010000111
0010001101
0010001000
0010001011
0010001001
0010001100
0010000111
0010001010
0010001111
0010010001
0010001001
0010000101
0001111011
0001110110
0001111000
0001111000
0001111101
0001111111
0010000110
0010001111
0010010010
0010001110
0010010000
0010010101
0010010111
0010011110
0010100000
0010011110
0010011000
0010010101
0010010111
0010010111
0010011010
0010100010
0010100010
0010100000
0010100001
0010011110
0010100100
0010100000
0010100110
0010101011
0010101001
0010101010
0010101001
0010100111
0010100100
0010100001
0010100001
0010100011
0010100110
0010100111
0010100001
0010100100
0010100011
0010100101
0010011111
0010011100
0010011011
0010011001
0010011000
0010011011
0010011100
0010010101
0010010101
0010010100
0010010011
0010001010
0010000110
0010001000
0010000010
0010001000
0010000100
0010000010
0001111101
0010000011
0010000001
0010001001
0010001000
0010001001
0010001001
0010001110
0010001101
0010001110
0010001101
0010001100
0010001101
0010001111
0010010001
0010010000
0010001001
0010001110
0010010001
0010001101
0010010000
0010001010
0010001011
0010001111
0010001001
0010001010
0010001011
0010000111
0010000111
0010000101
0010000011
0010000011
0001111101
0001111010
0001111100
0001111011
0001111111
0001111110
0001111100
0010000001
0010000000
0010001000
0010001111
0010001101
0010001100
0010001010
0010001001
0010000110
0010000010
0010000011
0010000000
0001111110
0010000011
0010000110
0010001001
0010000110
0010000110
0010001000
0010000101
0010000011
0010001010
0010001011
0010001101
0010010001
0010001111
0010001110
0010010100
0010010001
0010010001
0010010011
0010010111
0010011000
0010011010
0010011101
0010011101
0010011000
0010011000
0010011000
0010010111
0010011111
0010100101
0010100101
0010100000
0010100000
0010100001
0010100100
0010100010
0010011101
0010011100
0010011011
0010011010
0010010110
0010010100
0010010100
0010010110
0010010011
0010011000
0010010101
0010011000
0010010110
0010010010
0010010001
0010001111
0010010011
0010001111
0010010001
0010010000
0010001001
0010000111
0010001001
0010001000
0010001100
0010011000
0010010101
0010011000
0010011010
0010001111
0010010010
0010010001
0010010101
0010010011
0010010011
0010010000
0010001101
0010001001
0010001111
0010001001
0010001011
0010001001
0010001010
0010001011
0010001100
0010001000
0010000111
0010000110
0010000101
0001111111
0010000101
0010001010
0001111111
0001111111
0010000010
0010000010
0010000000
0001111110
0010000011
0010000001
0010000000
0010000011
0010000101
0010000010
0001111101
0010000000
0001111111
0010000000
0001111000
0001110100
0001110110
