0000000101
0000010010
0000001101
0000010011
0000010011
0000010101
0000010010
0000001101
0000001010
1111111111
1111111011
1111110110
1111110010
1111110100
1111110111
1111110111
1111111001
1111111010
1111111011
1111111011
1111111000
1111111001
0000000001
0000000101
0000000111
0000001010
0000000101
0000000111
0000000010
0000000011
0000000110
0000000011
0000000111
0000000111
0000000101
1111111110
1111111101
1111111000
1111111010
1111111010
1111111000
1111111001
1111110100
1111110010
1111110100
1111110101
1111110000
1111101111
1111101101
1111101101
1111110001
1111110011
1111110100
1111110111
1111111010
1111110101
1111110010
1111110101
1111110101
1111110101
1111110010
1111101100
1111101011
1111101000
1111101001
1111101010
1111101000
1111101000
1111101010
1111101101
1111101110
1111101010
1111101000
1111011110
1111010110
1111011000
1111011011
1111011011
1111011001
1111011001
1111011010
1111011011
1111011001
1111011011
1111100001
1111100001
1111100000
1111100101
1111100011
1111101011
1111101001
1111100111
1111100101
1111100111
1111100100
1111100011
1111011111
1111011010
1111011101
1111011001
1111010101
1111010101
1111011001
1111100010
1111100010
1111100100
1111101001
1111100101
1111101011
1111101011
1111101101
1111111000
1111110110
1111111000
1111110011
1111101110
1111101011
1111101001
1111101010
1111101011
1111101000
1111101011
1111110000
1111110001
1111110010
1111101111
1111101100
1111110001
1111110011
1111110100
1111110111
1111111011
1111111101
0000000100
0000000001
0000000010
0000000000
1111111100
1111111110
0000000111
0000001011
0000001100
0000001011
0000001011
0000001111
0000001111
0000001110
0000001100
0000001010
0000001100
0000001010
0000001010
0000001001
0000000111
0000000100
0000000111
0000001010
0000001010
0000001100
0000001111
0000010000
0000010000
0000001111
0000010110
0000010110
0000011000
0000010101
0000011001
0000010111
0000011011
0000011111
0000011110
0000100001
0000011111
0000011101
0000100001
0000100101
0000100010
0000100010
0000011110
0000011101
0000011100
0000011101
0000100100
0000101001
0000100101
0000100001
0000100110
0000101111
0000101110
0000101100
0000101101
0000101001
0000101011
0000101110
0000101011
0000101101
0000101011
0000101101
0000101011
0000101011
0000100101
0000101000
0000101000
0000100010
0000100100
0000101000
0000100111
0000101011
0000101011
0000101100
0000110000
0000101110
0000110010
0000110001
0000110001
0000110001
0000111001
0000111110
0001000001
0001000001
0001001001
0001001101
0001010001
0001010000
0001010101
0001011111
0001011101
0001100101
0001100000
0001011111
0001011001
0001011001
0001010100
0001010010
0001010100
0001001110
0001001110
0001000110
0001001010
0001000110
0001000111
0001001011
0001000110
0000111110
0001000010
0001000001
0001000011
0001001000
0001001010
0001001001
0001001101
0001001010
0001001001
0001001111
0001001101
0001001101
0001001100
0001001001
0001001000
0001000101
0001001001
0001000111
0001000111
0001000101
0000111110
0001000110
0001000111
0001000111
0001001001
0001001110
0001001010
0001000111
0001000111
0001000111
0001000111
0001000101
0001000010
0000111110
0000111110
0000111100
0000111011
0000111001
0000110110
0000110101
0000111000
0000110010
0000111001
0000111001
0000111110
0000111101
0001000011
0001001000
0001010001
0001010100
0001010101
0001010010
0001010000
0001001100
0001010100
0001010110
0001010011
0001010000
0001010000
0001001101
0001010011
0001001101
0001001110
0001010100
0001010110
0001010100
0001001101
0001001001
0001001000
0001000001
0001000111
0001001011
0001010000
0001001110
0001001011
0001001111
0001010001
0001010111
0001010110
0001010100
0001010101
0001010101
0001010101
0001001011
0001000110
0001000010
0001000001
0001000000
0000111011
0000111101
0000111101
0001000011
0001000100
0001000101
0000111110
0001000001
0001000100
0001000010
0001000101
0001001000
0001001111
0001010000
0001010001
0001010100
0001010011
0001010010
0001010101
0001010100
0001010111
0001010110
0001010100
0001010011
0001010010
0001010100
0001100001
0001011110
0001011110
0001100001
0001100011
0001100001
0001011111
0001011000
0001010111
0001011110
0001100000
0001100011
0001011111
0001100101
0001101010
0001100110
0001101000
0001101101
0001100111
0001100110
0001101001
0001100111
0001101100
0001101010
0001101010
0001101011
0001110110
0001110011
0001110001
0001110001
0001110100
0001110101
0001110101
0010000000
0001111110
0010000001
0010000010
0001111111
0001111111
0010000001
0010000010
0001111100
0001111100
0010000001
0010000101
0010000101
0010000101
0010000101
0010000001
0010000011
0010000001
0001111110
0010000011
0010000010
0010000111
0010001011
0010001101
0010010010
0010010001
0010010101
0010010101
0010011010
0010011110
0010011110
0010100011
0010100100
0010100100
0010100010
0010011111
0010100100
0010101000
0010100101
0010100111
0010101001
0010101100
0010110101
0010111001
0010111001
0010110111
0010111010
0010110111
0010110110
0010110110
0010110000
0010110110
0010111100
0010111101
0010111101
0010110111
0010110100
0010101111
0010110000
0010101011
0010101100
0010100001
0010100011
0010100111
0010101001
0010101000
0010101011
0010101100
0010101111
0010101101
0010110000
0010111010
0010111011
0010111001
0010110110
0010110000
0010101010
0010100111
0010101010
0010100100
0010100011
0010011100
0010100010
0010011101
0010011010
0010011110
0010100010
0010110000
0010110110
0010110110
0011000000
0011000010
0011000100
0011000011
0011000100
0011000011
0011000110
0011000010
0011000111
0011001001
0011001001
0011001111
0011010000
0011010010
0011001110
0011001110
0011010101
0011001111
0011010101
0011010001
0011010000
0011001100
0011000110
0011000101
0011000100
0011000010
0011000110
0011001000
0011000110
0011000011
