0000000000
1111111101
1111111001
1111110111
1111101111
1111101101
1111101111
1111101111
1111110000
1111101000
1111100101
1111101110
1111110000
1111101101
1111100110
1111101001
1111100100
1111100010
1111100011
1111100101
1111100010
1111100110
1111101110
1111101010
1111100011
1111100010
1111011111
1111100000
1111100010
1111100010
1111100110
1111100100
1111101000
1111101111
1111101011
1111101110
1111101000
1111101110
1111110010
1111110010
1111110010
1111110110
1111111010
1111110111
1111111100
1111111110
0000000000
0000000100
0000000100
0000001010
0000001100
0000001001
0000001011
0000001010
0000000111
0000001100
0000001111
0000010000
0000001101
0000001001
0000001010
0000001000
0000001110
0000010011
0000001111
0000001100
0000001011
0000001111
0000010001
0000010011
0000010011
0000010011
0000010011
0000010011
0000010111
0000010110
0000011011
0000011101
0000100111
0000101100
0000110000
0000110110
0000110010
0000111011
0000111101
0000110100
0000110110
0000111000
0000110011
0000101110
0000101111
0000101010
0000101010
0000101000
0000100011
0000100111
0000100101
0000101101
0000101111
0000110010
0000101101
0000100111
0000101001
0000101101
0000101100
0000101001
0000101010
0000101110
0000101110
0000110001
0000110001
0000101011
0000100110
0000101010
0000101000
0000110011
0000110101
0000111010
0000111100
0000111000
0000111101
0001000111
0001001000
0001001010
0001001000
0001001011
0001001111
0001001010
0001001001
0001001100
0001001111
0001010010
0001010100
0001011011
0001011010
0001011110
0001100011
0001100100
0001100011
0001011001
0001011110
0001011100
0001011011
0001011100
0001100010
0001100100
0001100111
0001101111
0001101110
0001100110
0001100101
0001101000
0001101100
0001101011
0001100110
0001100110
0001011111
0001100001
0001100010
0001100101
0001100110
0001100111
0001101000
0001101000
0001101001
0001100110
0001100111
0001101000
0001101000
0001101011
0001110001
0001110001
0001101010
0001100000
0001011011
0001011111
0001011001
0001010011
0001001010
0001001010
0001001001
0001010000
0001001110
0001001110
0001001101
0001001100
0001001110
0001001011
0001001001
0001001100
0001001111
0001001100
0001010000
0001011001
0001011100
0001100011
0001100111
0001101011
0001100010
0001100011
0001100010
0001011111
0001100000
0001101001
0001101001
0001101011
0001101100
0001110011
0001101100
0001110000
0001101011
0001101100
0001101110
0001100101
0001100001
0001100000
0001101110
0001110001
0001110001
0001110010
0001110011
0001110011
0001110001
0001101101
0001100101
0001101110
0001110000
0001110010
0001110001
0001110101
0001101110
0001101100
0001101100
0001110101
0001111010
0001111111
0001111100
0001111000
0001111010
0001111010
0001111010
0001111100
0001111010
0001111110
0001111100
0001111110
0001111101
0010000110
0010001001
0010000101
0010001001
0010001111
0010001110
0010001111
0010010011
0010011100
0010011111
0010011000
0010011000
0010011100
0010011111
0010100101
0010100100
0010100110
0010100100
0010100001
0010100111
0010101000
0010110001
0010110000
0010110001
0010110010
0010110110
0010110101
0010110110
0010111101
0011000010
0011000110
0011000110
0011000011
0011000100
0011001001
0011000111
0011000101
0011001010
0011010001
0011010011
0011010011
0011010011
0011010001
0011001011
0011001101
0011001101
0011001110
0011001101
0011001110
0011001110
0011001011
0011000110
0011001010
0011001010
0011001000
0011000010
0011000000
0011000000
0010111011
0010110110
0010111010
0010111100
0010111011
0010111001
0010111111
0011000001
0011000000
0010110110
0010110010
0010111010
0010111101
0010111110
0010111011
0010110110
0010111001
0010111001
0011000001
0010111001
0010111010
0010111010
0010111001
0010111011
0011000010
0011001000
0011001010
0011000111
0011001101
0011001001
0011000111
0011010000
0011010010
0011011110
0011011001
0011011000
0011011000
0011100010
0011100001
0011011101
0011011010
0011011001
0011011110
0011011110
0011100010
0011100010
0011100000
0011011100
0011100001
0011011110
0011100011
0011100100
0011011110
0011011111
0011011111
0011100001
0011100010
0011101000
0011101000
0011100111
0011100110
0011100101
0011101001
0011100111
0011100111
0011100111
0011011111
0011100010
0011100101
0011011110
0011011001
0011011001
0011010111
0011010011
0011001111
0011010000
0011001100
0011001100
0011001000
0011000100
0010111100
0010111101
0011000101
0011001000
0011001010
0011000111
0011001100
0011000101
0011000110
0011000101
0011000010
0011001010
0011001011
0011001000
0011001001
0011001001
0011000111
0011000111
0011001000
0011001001
0011000100
0011000010
0011000010
0011000010
0010111101
0010111110
0011000010
0011001010
0011000010
0010111111
0010111111
0010111111
0011000000
0011000001
0011000101
0011000011
0011000010
0011000101
0011000101
0011000101
0011000010
0010111001
0010111001
0011000101
0011000001
0011000100
0011000101
0011000101
0011000000
0010111110
0011000000
0011001000
0011001010
0011000111
0011000101
0011001100
0011010110
0011010010
0011001101
0011010000
0011010100
0011010000
0011001010
0011001100
0011010011
0011010100
0011011011
0011011000
0011010100
0011010111
0011011010
0011011010
0011011001
0011100001
0011100101
0011101100
0011101100
0011101011
0011101101
0011101100
0011101011
0011110000
0011110011
0011110101
0011110011
0011110011
0011110100
0011110111
0011111111
0011111100
0011111001
0011110111
0011110100
0011110011
0011110100
0011110011
0011111000
0011110000
0011110100
0011101101
0011101010
0011101011
0011110000
0011110100
0011110100
0011111001
0011111110
0100000001
0011111110
0100000001
0100000001
0011111101
0011110011
0011110111
0011110101
0011111011
0011111010
0011111011
0100000000
0100000100
0011111100
0011111000
0011111010
0011111010
0011111010
0011111001
0011111010
