0000001001
0000000100
0000000010
0000000100
0000000001
0000000000
0000000010
1111111110
0000000001
0000000100
0000000111
0000000011
0000001001
0000000110
0000001001
0000000111
0000000011
0000000101
0000001101
0000001101
0000001101
0000001101
0000001111
0000010001
0000010011
0000010101
0000010011
0000010010
0000010010
0000010011
0000010101
0000011101
0000011000
0000011001
0000010110
0000010100
0000010001
0000001010
0000001110
0000010001
0000010000
0000010001
0000001111
0000010011
0000001001
0000001111
0000010011
0000010101
0000010011
0000010001
0000001100
0000000001
0000000110
0000001010
0000001010
0000001010
0000000101
0000000010
0000000000
0000000101
0000001010
0000001010
0000001111
0000001001
0000001101
0000001011
0000001010
0000001101
0000001110
0000010000
0000010001
0000001101
0000001100
0000001001
0000000100
1111111111
0000000100
0000001010
0000001000
0000000101
0000000010
1111111001
1111111000
1111111100
1111111111
0000000010
1111111101
1111111100
1111111010
1111110110
1111110000
1111101011
1111100111
1111101010
1111101110
1111110001
1111101111
1111101111
1111101101
1111101001
1111101010
1111100110
1111011110
1111011010
1111010100
1111010001
1111001100
1111001101
1111001000
1110111110
1111000001
1110111111
1110111111
1111000000
1110111100
1111000000
1111000011
1110111111
1110111101
1110111100
1110111011
1110111110
1110111010
1110110100
1110110001
1110101101
1110101011
1110100111
1110100101
1110011110
1110011100
1110011111
1110011111
1110011011
1110011010
1110010110
1110011001
1110010100
1110010001
1110001000
1110000011
1110000100
1110000100
1110000100
1110001001
1110001000
1110001101
1110010000
1110001101
1110000111
1110001000
1110001000
1110000110
1110000110
1110001010
1110000111
1110001000
1110001000
1110000110
1110000010
1101111011
1101111100
1101111100
1101111001
1101110110
1101111001
1101111001
1101110101
1101110100
1101101110
1101110000
1101110110
1101110000
1101101001
1101101010
1101100101
1101100101
1101100110
1101100100
1101100111
1101100111
1101101011
1101101111
1101110001
1101110011
1101110100
1101111000
1101111001
1101110100
1101111010
1101111110
1101111011
1110000000
1101111110
1101111100
1101110111
1101110000
1101110001
1101110110
1101110111
1101111000
1101111001
1101111100
1101111110
1101111001
1101111001
1101111000
1101110011
1101110010
1101110110
1101110101
1101110101
1101110000
1101101111
1101110110
1101110011
1101110000
1101110100
1101111000
1101110101
1101110111
1101110101
1101110011
1101101101
1101101000
1101101011
1101110100
1101110110
1101110011
1101110000
1101101111
1101110011
1101110001
1101111101
1101111111
1101111010
1101110100
1101111001
1101111010
1101110111
1101110111
1101110110
1101110110
1101111001
1101110111
1101101111
1101101101
1101101001
1101100101
1101100001
1101100010
1101100101
1101100110
1101100110
1101101001
1101100101
1101011110
1101100001
1101011111
1101011110
1101100000
1101011111
1101011100
1101011110
1101011111
1101011101
1101011110
1101100001
1101010111
1101010100
1101001111
1101011001
1101001111
1101010010
1101010101
1101010111
1101010010
1101001011
1101001110
1101001111
1101001000
1101001011
1101001011
1101010000
1101010011
1101010001
1101000111
1101000010
1101000101
1101000110
1101000010
1100111101
1100111111
1100111101
1101000000
1101000010
1100111110
1101000011
1101001011
1101010010
1101010111
1101011000
1101010010
1101010010
1101010110
1101011010
1101010111
1101010100
1101010010
1101010000
1101010010
1101010010
1101010100
1101010100
1101011011
1101011100
1101011100
1101011011
1101010111
1101010011
1101010101
1101010111
1101011010
1101011011
1101011011
1101010101
1101001011
1101000111
1100111110
1100111110
1101000011
1101000001
1101000100
1101000011
1101000000
1100111001
1100111010
1101000000
1100111001
1100110110
1100110101
1100110101
1100110100
1100101101
1100101010
1100101011
1100110010
1100110000
1100101010
1100101100
1100111001
1100111001
1100111100
1100111011
1100111000
1100111000
1100111110
1100110111
1100111001
1100110011
1100101110
1100101011
1100101011
1100101011
1100101011
1100101001
1100100100
1100101100
1100101101
1100101010
1100100111
1100100010
1100100000
1100100100
1100100011
1100100001
1100100000
1100011100
1100011110
1100011101
1100011001
1100011001
1100011010
1100011001
1100100000
1100011110
1100011010
1100011100
1100011110
1100100010
1100011101
1100011110
1100011110
1100011111
1100011101
1100100000
1100011110
1100011100
1100011011
1100011011
1100100000
1100100001
1100100001
1100100000
1100011010
1100011010
1100011011
1100011111
1100100011
1100101000
1100101001
1100100010
1100100111
1100101001
1100101000
1100100111
1100101101
1100101110
1100100111
1100100101
1100011111
1100100000
1100100100
1100100000
1100011110
1100010110
1100010110
1100010010
1100001111
1100001100
1100010001
1100010101
1100010110
1100010011
1100010110
1100010101
1100010001
1100001110
1100001101
1100001110
1100001100
1100000110
1011111110
1011111101
1011111100
1011111010
1011111101
1011111001
1011111001
1011111000
1011111010
1011111010
1011111000
1011110110
1011110100
1011110100
1011110011
1011110010
1011110101
1011111010
1011111100
1011111011
1011111011
1011111010
1011111110
1100000111
1100001101
1100010000
1100010010
1100010110
1100011010
1100010101
1100001110
1100001010
1100001110
1100010001
1100010000
1100010010
1100010011
1100010010
1100010101
1100010011
1100001101
1100001011
1100001100
1100001010
1100000110
1100010000
1100001110
1100001110
1100010101
1100010101
1100010010
1100010000
1100001110
1100001011
1100000110
1100000000
1100000101
1100000100
1100000111
1100000111
1100000100
1100001001
1100000101
1100000011
1100000111
1100000101
1100001001
1100001000
1100000110
1100000110
