1111111111
1111111101
1111111111
1111111100
1111111001
1111111101
1111111001
1111110111
1111110011
1111110001
1111110100
1111110010
1111110000
1111110001
1111101101
1111101010
1111100011
1111100100
1111100011
1111100011
1111100000
1111100100
1111101001
1111101011
1111100100
1111101010
1111101011
1111101101
1111101100
1111110010
1111110100
1111110100
1111110000
1111110100
1111110101
0000000000
1111111011
0000000011
0000000100
0000000111
0000000111
0000000101
0000000010
0000000101
0000000100
0000000100
1111111101
0000000010
0000000101
0000000000
0000000010
0000000000
1111111101
1111111001
1111111010
0000000000
1111111010
1111111000
1111110101
1111110100
1111110011
1111110110
1111110100
1111111110
0000000010
0000000101
0000000010
0000000000
0000000100
0000000111
0000000111
0000000110
0000001000
0000001001
0000001000
0000000110
1111111100
1111111101
1111111011
1111111011
1111111010
1111111010
1111111000
1111111011
1111111001
1111110110
1111110011
1111110110
1111111101
1111110111
1111111001
1111111011
1111111100
1111111011
1111111010
0000000001
0000000111
0000001011
0000001101
0000001100
0000001100
0000001000
0000000111
0000001100
0000001001
0000001100
0000001101
0000001011
0000001110
0000001101
0000010010
0000001111
0000001010
0000001101
0000001011
0000001101
0000001000
0000000100
0000001010
0000001111
0000001100
0000000100
0000000100
0000000011
1111111100
1111111101
1111111100
0000000100
0000000111
0000000010
0000001010
0000001000
0000000101
0000000100
0000000101
0000000110
0000000010
0000000001
0000000010
1111111111
0000000000
1111111100
1111111010
1111111001
1111111100
1111111101
1111111000
1111111100
1111111111
0000000000
0000000010
0000000100
0000000010
0000000010
1111111100
1111111011
1111110111
1111111000
0000000001
0000000011
0000000101
0000000011
1111111110
1111111110
1111111001
1111111001
1111111100
0000000001
0000000000
1111111011
0000000000
0000000101
1111111011
1111110011
1111101100
1111101100
1111100111
1111101101
1111101000
1111100110
1111101100
1111101100
1111110100
1111110011
1111101100
1111110010
1111110010
1111111010
1111111001
0000000000
1111111111
1111111111
0000000010
0000001001
0000001001
0000000101
0000000011
0000000100
0000000001
0000000010
0000000011
0000000110
0000000100
0000000101
0000000001
0000000011
0000000110
0000000110
0000000011
0000000001
1111111111
1111111111
1111111110
1111110010
1111110010
1111110110
1111101110
1111101101
1111101000
1111101110
1111101100
1111101101
1111101001
1111101111
1111110100
1111110100
1111111100
1111111110
1111111111
0000000111
0000000000
0000000010
0000001000
0000000111
0000000111
0000000111
0000000011
0000000011
0000000010
1111111111
1111111110
1111111010
1111111110
1111111101
1111110110
1111110001
1111101100
1111100111
1111101001
1111100100
1111100101
1111100100
1111011001
1111011001
1111100100
1111100010
1111100011
1111101100
1111110000
1111110010
1111110000
1111101110
1111101011
1111110000
1111101101
1111101111
1111101101
1111101101
1111101111
1111110001
1111101101
1111101010
1111101101
1111101111
1111101111
1111101101
1111101110
1111101010
1111110000
1111100101
1111100100
1111100101
1111100100
1111100011
1111100010
1111100101
1111100111
1111100100
1111100101
1111100101
1111101010
1111110001
1111101111
1111101111
1111110000
1111110101
1111110101
1111110100
1111101101
1111101100
1111101011
1111100101
1111100111
1111101000
1111100001
1111101000
1111101011
1111101100
1111110100
1111110110
1111111000
1111110111
1111110111
1111110111
1111110000
1111110001
1111110100
1111110110
1111110000
1111101110
1111101100
1111101110
1111100111
1111101100
1111101100
1111101001
1111101000
1111101011
1111101101
1111101000
1111101011
1111101100
1111110000
1111110000
1111111101
1111111100
1111111010
1111110111
1111111011
1111110110
1111110001
1111101110
1111101100
1111101001
1111100011
1111100001
1111100000
1111101000
1111100011
1111011111
1111100100
1111100001
1111100100
1111100101
1111100110
1111101000
1111100101
1111100001
1111100001
1111100011
1111100111
1111101011
1111100110
1111101001
1111110010
1111101110
1111101101
1111110010
1111110010
1111110001
1111110001
1111110010
1111110110
1111111110
1111111001
1111110110
1111111000
1111111011
1111111011
1111111011
1111110111
1111111000
1111111100
0000000000
1111110110
1111110101
1111110110
1111110111
0000000000
0000000010
0000000110
0000001010
0000001010
0000010010
0000010010
0000001111
0000010000
0000010000
0000010010
0000010011
0000001101
0000010000
0000001111
0000010011
0000010110
0000011010
0000011100
0000011000
0000011010
0000011100
0000100001
0000100110
0000101111
0000101001
0000101101
0000110001
0000101111
0000101101
0000110011
0000110010
0000110010
0000111010
0000110011
0000110101
0000111101
0001000000
0001000101
0001001000
0001001001
0001001000
0001001110
0001001001
0001000111
0001000111
0001001011
0001001000
0001001011
0001001001
0001000101
0001001100
0001001011
0001000011
0001000101
0001000011
0001000110
0001000101
0001000100
0001000010
0000111110
0001000100
0001000001
0001000110
0001000011
0001000011
0001000101
0001000011
0000111010
0000111000
0000111110
0000111110
0000110100
0000111010
0000111010
0000111000
0000111010
0000111101
0000111101
0000111011
0000111100
0000111101
0000111011
0001000101
0001000111
0001001101
0001010100
0001010111
0001010111
0001010011
0001001110
0001010011
0001011000
0001010101
0001010100
0001010011
0001010100
0001011011
0001011111
0001011110
0001100100
0001101010
0001101100
0001101100
0001101101
0001101111
0001110010
0001101010
0001101100
0001110000
0001101101
0001101011
0001101110
0001101111
0001101111
0001110001
0001101111
0001101101
0001110011
0001111000
0001110111
0001110010
0001110010
0001110100
