1111111100
1111111101
1111111001
1111111000
1111111001
1111111001
1111110100
1111111101
0000001000
0000001111
0000010100
0000011100
0000010110
0000011010
0000011100
0000011101
0000011101
0000011101
0000010100
0000011000
0000011001
0000010111
0000010111
0000011000
0000011111
0000011010
0000100010
0000100111
0000101000
0000100101
0000101000
0000100110
0000101010
0000101000
0000101010
0000101000
0000101001
0000100010
0000011110
0000011100
0000011011
0000011110
0000011010
0000011011
0000011011
0000011100
0000011011
0000011111
0000100100
0000101000
0000100111
0000011111
0000011110
0000011010
0000100000
0000011101
0000100110
0000100011
0000100101
0000100100
0000101010
0000110001
0000110001
0000110110
0000110011
0000110111
0000110010
0000110101
0000110011
0000110011
0000110111
0000111001
0000111000
0000110110
0000111000
0001000000
0001000010
0001000000
0001000001
0001000100
0001000111
0001001000
0001001111
0001010101
0001010111
0001010110
0001010100
0001010010
0001001010
0001001011
0001010001
0001010101
0001010110
0001011011
0001011000
0001010100
0001011010
0001011000
0001011111
0001011110
0001011100
0001011100
0001011000
0001011111
0001011110
0001011111
0001011110
0001100101
0001101011
0001100110
0001101000
0001101001
0001100110
0001100010
0001011111
0001100010
0001100001
0001100101
0001100100
0001101000
0001101101
0001100111
0001100100
0001100010
0001101000
0001100110
0001101100
0001101111
0001101110
0001101111
0001110001
0001110100
0001110010
0001101100
0001110010
0001110010
0001110011
0001110101
0001110110
0001111001
0001110111
0001110110
0001110100
0001110011
0001110001
0001110110
0001110011
0001110101
0001110110
0001110000
0001110001
0001110011
0001110110
0001110011
0001111010
0010000010
0010000010
0010001100
0010001010
0010001001
0010001000
0010001101
0010001111
0010010001
0010001100
0010000110
0010000011
0010000100
0001111101
0001110110
0001110110
0001110111
0001110100
0001110000
0001110010
0001101111
0001101101
0001101100
0001101100
0001110011
0001111001
0001111000
0001111111
0001110101
0001110111
0001111010
0001111000
0001111001
0001110100
0001110110
0001110001
0001110011
0001101011
0001101001
0001101101
0001110000
0001110001
0001101110
0001110001
0001110100
0001110110
0001110101
0001111100
0001111111
0001111011
0010001000
0010001111
0010001101
0010010000
0010001011
0010001000
0010000110
0010000001
0010000100
0010001101
0010010001
0010001110
0010010010
0010010011
0010011000
0010010111
0010100001
0010100000
0010011110
0010011101
0010011100
0010011100
0010100001
0010100011
0010011010
0010011100
0010011001
0010010110
0010001101
0010001001
0010000111
0010001011
0010001100
0010000011
0010000100
0010000000
0010000101
0010001011
0010001000
0010001101
0010000111
0010001001
0010001001
0010001101
0010001111
0010010000
0010001111
0010001101
0010001111
0010001111
0010001111
0010010010
0010010101
0010010010
0010010010
0010011010
0010010101
0010010010
0010010011
0010010111
0010011011
0010100101
0010100101
0010100011
0010101001
0010100101
0010100100
0010100011
0010100101
0010100101
0010100111
0010101010
0010100101
0010100011
0010011100
0010011000
0010010111
0010010110
0010010111
0010010111
0010010001
0010010110
0010010001
0010010100
0010010100
0010010010
0010010011
0010010100
0010010101
0010011110
0010100100
0010101001
0010110001
0010101111
0010111001
0010110110
0010110011
0010110100
0010110111
0010111010
0010111110
0011000001
0011000010
0011000101
0011000010
0011000001
0011001001
0011000101
0011000010
0011000100
0011000101
0011001001
0011010000
0011001010
0011001010
0011001001
0011001010
0011001100
0011001111
0011010011
0011010011
0011010000
0011001001
0011000011
0011000100
0010111111
0010111011
0010111100
0010111101
0011000010
0011001001
0011001100
0011001010
0011001000
0010111111
0010111101
0010111010
0010111101
0010111110
0010111101
0011000011
0011000011
0011000010
0011000101
0011000100
0011000001
0011000000
0010111010
0010110110
0010111110
0011000011
0011001000
0011001000
0011001000
0011000111
0011001011
0011001110
0011010011
0011001010
0011010000
0011001110
0011010100
0011010001
0011010100
0011010001
0011010101
0011011000
0011001110
0011010000
0011010001
0011001010
0011000101
0011000011
0011001000
0011000110
0011000111
0011001110
0011010100
0011010100
0011010111
0011100000
0011011110
0011100101
0011011110
0011011010
0011011011
0011011110
0011100111
0011101011
0011101000
0011100101
0011101000
0011101000
0011100100
0011100000
0011011101
0011011110
0011011100
0011010101
0011010101
0011011010
0011011111
0011011000
0011011110
0011011001
0011011100
0011011000
0011011000
0011011011
0011011110
0011100000
0011011111
0011100010
0011100010
0011100111
0011101101
0011101110
0011110010
0011101100
0011101110
0011101011
0011101111
0011110000
0011101111
0011110100
0011110111
0011110110
0011110011
0011110000
0011101100
0011110000
0011110111
0011110111
0011111010
0011111110
0011111100
0011111111
0100000011
0011111100
0011111110
0011111100
0011111001
0011110110
0011110111
0011111000
0011111101
0011111100
0011111100
0011111011
0100000000
0011111110
0100000010
0100000001
0100001011
0100010001
0100010011
0100010001
0100010011
0100010001
0100010000
0100001110
0100010000
0100001111
0100000111
0100001000
0100001000
0100001100
0100000110
0100000101
0100000010
0100000110
0100000101
0100000010
0100000010
0011111100
0011111011
0011110111
0011111001
0011110100
0011101101
0011101111
0011101100
0011100011
0011011110
0011100001
0011100001
0011011110
0011011011
0011100000
0011011011
0011010100
0011011001
0011010110
0011010001
0011001001
0011000100
0011000110
0011010001
0011001111
0011001100
0011010000
0011001101
0011001010
0011000100
0011000011
0011000110
0011001000
