1111111001
1111110110
1111110011
1111110001
1111101110
1111101101
1111101100
1111100111
1111100001
1111100001
1111011010
1111010110
1111010110
1111010111
1111010011
1111011011
1111010101
1111010101
1111010100
1111010011
1111001100
1111001011
1111010000
1111010001
1111001110
1111001000
1111000000
1111000000
1111000001
1110111111
1110111111
1111000100
1111000011
1111000101
1111000100
1111000111
1111000111
1111001100
1111001001
1111001011
1111010101
1111011010
1111010100
1111010100
1111010100
1111100000
1111011101
1111011100
1111010101
1111010111
1111010111
1111011010
1111011011
1111011011
1111100010
1111100101
1111100110
1111101000
1111100101
1111011101
1111011111
1111011111
1111100100
1111100000
1111011111
1111100000
1111011101
1111011010
1111011100
1111011011
1111011000
1111011000
1111010110
1111011000
1111011001
1111011010
1111010010
1111001100
1111001100
1111001110
1111001001
1111000011
1111000100
1111000100
1111001000
1111001010
1111000100
1111000000
1111000011
1111000011
1111001000
1111001001
1111000011
1110111110
1111000111
1111000111
1111000001
1111000011
1110111110
1111000001
1110111100
1110111001
1110110101
1110110101
1110110001
1110110111
1111000011
1111000101
1111000001
1111000100
1111000110
1111001000
1111000101
1111001100
1111001101
1111001101
1111001111
1111001011
1111010000
1111010001
1111010001
1111010010
1111011001
1111010110
1111010010
1111010110
1111010100
1111010100
1111010101
1111010111
1111010001
1111011010
1111011110
1111011011
1111010110
1111010111
1111011000
1111100000
1111011111
1111011010
1111011011
1111011110
1111100011
1111100101
1111100111
1111100110
1111101000
1111100101
1111101001
1111100101
1111101001
1111101100
1111110010
1111101111
1111110101
1111110101
1111101100
1111101011
1111110000
1111101001
1111101011
1111101010
1111101100
1111110100
1111111001
1111111000
1111110101
1111110111
1111110011
1111101111
1111101101
1111101100
1111110000
1111101110
1111101011
1111101010
1111101001
1111100111
1111100110
1111100110
1111100011
1111100100
1111101000
1111101100
1111101011
1111101110
1111110101
1111110001
1111101101
1111101111
1111110001
1111110001
1111101110
1111101100
1111110010
1111111000
1111111101
1111111101
1111111100
0000000000
1111111111
1111111100
1111111011
1111111011
1111111101
0000000100
0000000001
0000000001
0000000100
0000000100
0000000010
1111111010
1111110110
1111101111
1111110001
1111101110
1111101100
1111101110
1111110001
1111110001
1111110000
1111110010
1111110010
1111101101
1111110001
1111110100
1111110001
1111110000
1111101001
1111101000
1111101001
1111101000
1111100111
1111100010
1111100010
1111011111
1111100011
1111100011
1111011101
1111010110
1111010101
1111010111
1111010110
1111010110
1111011100
1111011100
1111011101
1111011000
1111011110
1111011101
1111011000
1111010101
1111010001
1111001101
1111001100
1111001110
1111001000
1111000111
1111000101
1111000110
1111000110
1111000101
1111000100
1111000110
1111000011
1111000000
1110111101
1111000100
1111000000
1110111110
1110111110
1110111011
1110111101
1110111011
1110110111
1110111000
1110111010
1110111100
1110111111
1110111111
1110111010
1110111001
1110110111
1110110101
1110111010
1111000000
1111000010
1111000101
1111000001
1111000000
1111000001
1111000011
1111000100
1111000111
1111001010
1111001010
1111001100
1111001110
1111001110
1111001010
1111001101
1111001010
1111001100
1111001101
1111010000
1111001110
1111001000
1111001100
1111001010
1111001101
1111001110
1111010000
1111001101
1111001001
1111000011
1110111101
1111000101
1110111101
1110111111
1111000000
1111000010
1111000111
1111001010
1111001101
1111001000
1111001010
1111000110
1111000010
1111000110
1111001000
1111000000
1111000010
1111000001
1111000001
1111000011
1111001100
1111001010
1111001010
1111001010
1111010001
1111001010
1111010100
1111010110
1111001110
1111010001
1111001101
1111010001
1111010110
1111011101
1111011100
1111011100
1111010101
1111010010
1111001110
1111010000
1111010001
1111001111
1111001110
1111010010
1111001101
1111001110
1111010011
1111011010
1111010101
1111010100
1111010111
1111010111
1111011010
1111100010
1111011111
1111011101
1111100110
1111100011
1111100100
1111101000
1111101111
1111101011
1111100001
1111100011
1111100010
1111100101
1111100011
1111100100
1111011110
1111011110
1111100000
1111100010
1111100010
1111011111
1111100000
1111100011
1111011101
1111011001
1111010111
1111010101
1111011010
1111011110
1111011100
1111011100
1111011010
1111100100
1111100100
1111100100
1111101011
1111101011
1111100101
1111101010
1111101011
1111101000
1111101000
1111101010
1111101110
1111101011
1111100010
1111100001
1111011101
1111011101
1111011010
1111011000
1111010100
1111010001
1111001110
1111010010
1111010111
1111011001
1111011011
1111011101
1111011101
1111011011
1111011110
1111011010
1111010111
1111010101
1111011000
1111011101
1111011100
1111011000
1111011111
1111011110
1111011101
1111011000
1111010010
1111001011
1111001101
1111001100
1111001100
1111001011
1111001111
1111010101
1111011010
1111100010
1111011000
1111010001
1111010101
1111010001
1111010101
1111010010
1111010010
1111010001
1111000111
1111000001
1111000001
1111000001
1110111101
1110111000
1110110110
1110111010
1110110101
1110110100
1110101001
1110100011
1110100100
1110100110
1110101001
1110100011
1110100001
1110100010
1110100101
1110100111
1110100010
1110100101
1110011101
1110010111
1110011000
1110010000
1110010011
1110010101
1110010010
1110010101
1110010010
1110010101
1110010111
1110010110
1110011011
1110011010
1110011010
1110010011
1110010000
1110001010
1110000101
1110000111
1110000101
1110000001
1110001000
1110001000
1110000001
1110000000
1101111011
1101110110
1101110000
1101110010
1101110001
