0000000010
0000001001
0000001110
0000010101
0000011101
0000011001
0000011011
0000011100
0000011111
0000100101
0000100101
0000011110
0000010011
0000001101
0000001001
0000001010
0000001010
0000000001
1111111110
1111111011
1111111111
1111111011
1111111100
1111111011
1111111001
1111110111
1111110100
1111101011
1111101010
1111100000
1111011011
1111011111
1111011111
1111100001
1111011111
1111100011
1111100001
1111100011
1111100110
1111100101
1111011100
1111010101
1111010110
1111011000
1111010111
1111011100
1111011010
1111100000
1111100100
1111100010
1111011111
1111011101
1111100111
1111101011
1111100110
1111101111
1111110010
1111101110
1111101111
1111110101
1111110111
1111110011
1111101110
1111101000
1111100011
1111011111
1111011110
1111100000
1111100101
1111101110
1111101101
1111101110
1111101011
1111101010
1111101001
1111101110
1111101101
1111110001
1111101000
1111101010
1111101110
1111101101
1111101111
1111101100
1111100111
1111100100
1111100100
1111100101
1111100011
1111101001
1111101001
1111100010
1111100010
1111101010
1111110011
1111110101
1111110101
1111110101
1111110001
1111110110
1111101110
1111101111
1111101100
1111101110
1111101110
1111110010
1111110110
1111101110
1111101010
1111101100
1111101100
1111101011
1111101110
1111101101
1111101011
1111100111
1111100100
1111100100
1111100111
1111100111
1111101110
1111110000
1111110001
1111101100
1111101000
1111101001
1111101011
1111101001
1111101001
1111100101
1111100111
1111100010
1111100110
1111101001
1111101000
1111100111
1111101010
1111101000
1111101000
1111101011
1111110000
1111101110
1111101010
1111110101
1111110101
1111101111
1111101110
1111101011
1111101101
1111101110
1111101010
1111101100
1111101101
1111101101
1111101101
1111110000
1111101111
1111101011
1111100101
1111100110
1111101000
1111100111
1111100101
1111100000
1111100101
1111100011
1111100001
1111100000
1111100011
1111100011
1111100011
1111100111
1111100010
1111100001
1111100110
1111100001
1111100100
1111100110
1111101000
1111100111
1111101000
1111101011
1111101101
1111101001
1111100111
1111100100
1111100011
1111100010
1111100100
1111011110
1111011010
1111011100
1111010111
1111010110
1111010100
1111010011
1111001110
1111010011
1111010011
1111001111
1111001001
1111000100
1110111101
1110111111
1110111010
1110111111
1110111100
1110111101
1110111100
1110111100
1110110111
1110110110
1110110000
1110101111
1110101100
1110100110
1110100010
1110100001
1110011110
1110010100
1110010001
1110010101
1110010010
1110010101
1110010011
1110001111
1110001111
1110001010
1110000101
1110001100
1110000101
1110000110
1110000001
1110000111
1110000111
1110001001
1110001001
1110001000
1110000010
1110000101
1110000000
1110000001
1101111101
1110000111
1110000111
1101111101
1101111111
1101111111
1101111001
1101111101
1101111101
1101111101
1101111010
1101111111
1101111101
1101111110
1110000010
1101111100
1101111011
1101111111
1101111100
1101110001
1101110011
1101110110
1101110011
1101110011
1101110000
1101110011
1101110001
1101101111
1101110000
1101101110
1101101000
1101100111
1101101110
1101101110
1101101110
1101110010
1101110111
1101110100
1101110001
1101110100
1101110110
1101110010
1101110101
1101110000
1101110010
1101101011
1101101001
1101100101
1101100100
1101100110
1101101100
1101101101
1101100111
1101101100
1101101011
1101101110
1101100110
1101101100
1101101010
1101101101
1101101001
1101101101
1101110000
1101110100
1101111000
1101111010
1101111100
1101111111
1101111111
1101111100
1101111000
1101111001
1101111001
1101111000
1101110101
1101111000
1110000000
1110000100
1110000011
1101111110
1101111010
1101110100
1101110111
1101111010
1101111111
1110000000
1101111100
1101111110
1101111000
1101110111
1101111000
1101110010
1101111011
1101111101
1101110101
1101110101
1101110100
1101110111
1101111011
1101110111
1101110101
1101110011
1101101110
1101101100
1101101010
1101101111
1101101010
1101101111
1101101010
1101101011
1101101001
1101101101
1101100111
1101101000
1101101011
1101101011
1101101010
1101101000
1101100111
1101101100
1101101010
1101101000
1101100101
1101100010
1101100110
1101100001
1101100001
1101101000
1101100111
1101100110
1101100111
1101101000
1101101110
1101101010
1101101000
1101100011
1101100011
1101011111
1101010111
1101011010
1101011000
1101010110
1101001101
1101001101
1101001100
1101001011
1101000111
1101001000
1101001000
1101000100
1100111001
1100110100
1100101100
1100101010
1100101001
1100101000
1100101100
1100100011
1100100100
1100100111
1100100010
1100100001
1100100000
1100011100
1100011001
1100011001
1100011100
1100100100
1100100111
1100011110
1100011100
1100011011
1100010111
1100100011
1100100000
1100011101
1100100011
1100100010
1100011110
1100011100
1100011101
1100011001
1100011010
1100100001
1100011001
1100010101
1100010110
1100010100
1100010101
1100010111
1100010100
1100011000
1100011100
1100011010
1100010111
1100011000
1100001111
1100000011
1100000110
1100001011
1100010011
1100001101
1100001000
1100001010
1100001011
1100001100
1100001101
1100001001
1100000111
1100001110
1100001001
1100000111
1100000111
1100000011
1100000011
1100000100
1100000011
1100001001
1100000001
1100000111
1100001010
1100000110
1100000100
1100000110
1100000101
1100000100
1100000100
1100000110
1100001100
1100001111
1100010000
1100001010
1100010000
1100010001
1100010001
1100010001
1100010011
1100001110
1100001100
1100001100
1100001001
1100001110
1100010011
1100010010
1100010100
1100011010
1100011110
1100011011
1100010101
1100011010
1100010010
1100010100
1100010101
1100010010
1100010010
1100010000
1100001011
1100001001
1100001011
1100000111
1100000000
1011111100
1011110110
1011111011
1011110110
1011111001
1011111111
1100000011
1011111100
1011111011
