1111111111
1111111100
1111111010
1111111010
1111111001
1111111111
1111111100
1111111100
1111111101
1111111101
0000000100
0000000001
0000000001
1111111101
0000000000
0000000011
0000001000
0000000110
0000000010
0000000011
0000000000
1111111111
1111111010
1111111010
1111111010
1111110111
1111111001
1111111000
1111111011
1111110110
1111110110
1111110111
1111110100
1111110001
1111101101
1111110010
1111110110
1111111110
0000000000
0000000100
1111111010
0000000001
1111111011
1111111000
1111110110
1111111011
1111111010
1111111001
1111111001
1111110111
1111110100
1111110000
1111110100
1111110010
1111110001
1111101111
1111110001
1111110000
1111110001
1111101001
1111101101
1111101011
1111100110
1111100101
1111100010
1111100111
1111101010
1111100110
1111011011
1111100001
1111101010
1111101100
1111110001
1111110111
1111111101
1111111010
1111110110
1111101111
1111110010
1111110000
1111110011
1111111001
1111110110
1111110000
1111101111
1111101010
1111101011
1111110001
1111101100
1111101110
1111110010
1111101101
1111110000
1111101101
1111101111
1111101100
1111101011
1111101011
1111101111
1111101100
1111101110
1111110111
1111111001
0000000000
0000000100
0000001000
0000000111
0000000000
0000000001
1111111111
1111111010
0000000000
1111111000
1111110100
1111110001
1111110000
1111111100
1111111101
1111111110
0000000000
1111111001
1111111110
1111111100
1111110101
1111111010
1111111010
1111111001
1111111001
1111110010
1111110101
1111110011
1111110001
1111110010
1111101101
1111110010
1111101100
1111101000
1111100100
1111100110
1111100111
1111100111
1111100000
1111100001
1111100001
1111100001
1111011011
1111011001
1111011001
1111011001
1111011101
1111011011
1111011010
1111010100
1111011000
1111011001
1111011000
1111011010
1111011101
1111011110
1111011110
1111011111
1111011101
1111100100
1111100100
1111011111
1111100010
1111100011
1111100011
1111100101
1111100101
1111100110
1111011111
1111100001
1111011000
1111011110
1111011010
1111011001
1111010100
1111010001
1111010000
1111001010
1111001100
1111010000
1111001011
1111001100
1111010010
1111010001
1111001110
1111000111
1111000010
1111000111
1111000010
1111000001
1110111000
1111000000
1111000100
1111000000
1111000010
1111000100
1111000010
1110111000
1110111000
1110111001
1110111000
1110110101
1110111010
1110111001
1110111011
1110111101
1110111101
1110111011
1110111000
1110111111
1110110110
1110101101
1110110001
1110101101
1110101101
1110101000
1110100111
1110110000
1110101101
1110110001
1110101010
1110100100
1110100110
1110100100
1110100111
1110100111
1110100110
1110101001
1110100011
1110100010
1110100000
1110011010
1110011011
1110011100
1110011100
1110011010
1110011010
1110010101
1110001110
1110001001
1110000011
1110000100
1101111110
1101111001
1101110111
1101110110
1101110000
1101101100
1101100100
1101100110
1101101011
1101110001
1101101100
1101101100
1101101001
1101101110
1101110001
1101101110
1101110000
1101110001
1101110011
1101110001
1101101110
1101101001
1101100111
1101100011
1101101011
1101101010
1101101101
1101100011
1101100011
1101100010
1101100010
1101100000
1101011110
1101100000
1101100011
1101100101
1101101001
1101100101
1101100011
1101011101
1101011101
1101010110
1101011011
1101010111
1101011000
1101011100
1101011100
1101011101
1101011111
1101011101
1101011110
1101011000
1101011001
1101011101
1101011001
1101011011
1101011001
1101011101
1101011100
1101011111
1101011101
1101011100
1101100100
1101100000
1101011011
1101011010
1101011100
1101010100
1101011001
1101011100
1101010110
1101011011
1101010111
1101011110
1101011000
1101010011
1101010110
1101010001
1101011000
1101011010
1101011001
1101011100
1101011001
1101011100
1101011110
1101011101
1101010111
1101011100
1101011001
1101011111
1101011010
1101011101
1101010110
1101010010
1101010010
1101010110
1101010111
1101010010
1101010010
1101010011
1101011000
1101010011
1101010110
1101011000
1101011100
1101010010
1101010011
1101001101
1101001101
1101001110
1100111111
1101000101
1101000110
1101000110
1101000110
1101000001
1101000110
1101000011
1101000010
1101000100
1101000100
1101000110
1101000100
1101000100
1101000101
1101000001
1100111101
1100111011
1100111010
1100111101
1100111011
1100111001
1100111011
1100111101
1101000001
1101000001
1100111101
1101000001
1100111101
1100111111
1101000000
1101000101
1101001010
1101001001
1101001011
1101000111
1101000111
1101000100
1101000101
1101000011
1100111101
1100111010
1100110110
1100110110
1100110100
1100101111
1100101110
1100110001
1100101101
1100101100
1100101011
1100101000
1100100111
1100100110
1100101010
1100101100
1100110001
1100101110
1100101110
1100101001
1100101001
1100100110
1100100101
1100101001
1100101101
1100110010
1100110100
1100110011
1100110100
1100111010
1100111100
1100111010
1100111001
1100111101
1100111101
1101000001
1101000010
1101001011
1101001010
1101000111
1101001011
1101000110
1101000111
1101000100
1101000001
1100111110
1100110111
1100111001
1100110110
1100110001
1100101011
1100100101
1100011101
1100011001
1100010101
1100010001
1100001101
1100010010
1100010001
1100010001
1100010100
1100011011
1100011010
1100011000
1100010011
1100010110
1100011010
1100011110
1100011100
1100011101
1100100100
1100100110
1100100011
1100101010
1100100110
1100101001
1100101111
1100110000
1100101111
1100101111
1100101100
1100100111
1100100011
1100100010
1100100101
1100100000
1100100000
1100011110
1100011110
1100011111
1100011001
1100011110
1100011101
1100011001
1100011000
1100010111
1100011001
1100011011
1100010100
1100011010
1100011001
1100011011
1100010010
1100011011
1100011110
1100100010
1100100100
1100100010
1100100000
1100011110
1100011110
1100011111
1100011000
1100010101
1100010011
1100010000
1100010110
