1111111101
1111111110
0000000010
0000000111
0000000110
0000000111
0000001000
0000001001
0000001011
0000001100
0000001110
0000001001
0000000101
0000000111
0000001111
0000010011
0000010000
0000001111
0000011000
0000011111
0000011101
0000011101
0000100001
0000100101
0000100110
0000100111
0000100001
0000011110
0000100011
0000100010
0000100111
0000101000
0000100111
0000101010
0000101010
0000101100
0000101010
0000100100
0000100000
0000011111
0000011101
0000100001
0000100010
0000011100
0000011111
0000011111
0000100100
0000100001
0000011110
0000011110
0000011110
0000100101
0000100111
0000100110
0000100110
0000100111
0000101010
0000101001
0000100110
0000011111
0000100010
0000100101
0000100100
0000100011
0000100101
0000100110
0000100101
0000100110
0000101000
0000100101
0000100111
0000100110
0000100101
0000011111
0000011000
0000010101
0000011101
0000011100
0000011101
0000011100
0000100001
0000100100
0000100010
0000100110
0000101001
0000101100
0000100111
0000100100
0000100111
0000100100
0000100100
0000100011
0000100101
0000100111
0000101011
0000101110
0000101000
0000100100
0000101000
0000100010
0000100010
0000100101
0000100010
0000100001
0000100001
0000011001
0000011010
0000011100
0000100100
0000100100
0000011110
0000100001
0000100001
0000100001
0000011100
0000011111
0000100001
0000100010
0000100100
0000101000
0000100100
0000100001
0000100110
0000100100
0000101000
0000101010
0000100110
0000100100
0000101011
0000100111
0000101010
0000101111
0000101110
0000101100
0000101101
0000101110
0000101001
0000101001
0000101001
0000101101
0000111010
0000111010
0000111110
0000111101
0000110011
0000110000
0000110000
0000110000
0000101110
0000101101
0000110100
0000110111
0000111100
0000111111
0001000110
0001000101
0001001000
0001001010
0001001111
0001001000
0001001011
0001001111
0001001010
0001001100
0001001111
0001010001
0001001100
0001001000
0001000111
0001000101
0001000111
0001000100
0001000011
0001000101
0001001101
0001010000
0001000111
0001001001
0001001001
0001001101
0001001110
0001010001
0001010100
0001010001
0001001010
0001001110
0001010011
0001011000
0001010110
0001011000
0001010000
0001001011
0001001111
0001001010
0001010000
0001001100
0001001110
0001010000
0001001110
0001001001
0001000101
0001001011
0001001111
0001010010
0001010100
0001010110
0001011010
0001010101
0001010001
0001010001
0001010011
0001010011
0001010110
0001010101
0001011010
0001011011
0001011101
0001011001
0001011001
0001010110
0001010010
0001010001
0001010010
0001011100
0001011000
0001011101
0001011101
0001100000
0001100011
0001101010
0001100110
0001101110
0001101011
0001101111
0001101111
0001101111
0001110010
0001110101
0001110110
0001111001
0001111001
0001110010
0001110011
0001110101
0001110101
0001110001
0001110001
0001101111
0001101110
0001101101
0001101100
0001110101
0001111011
0001111100
0010000010
0010000011
0010000111
0010000010
0010000001
0010000011
0010000111
0010000001
0001111110
0010000100
0010001110
0010010010
0010011101
0010100101
0010101001
0010101000
0010100110
0010100101
0010100010
0010011011
0010011010
0010011000
0010011001
0010100000
0010011010
0010011011
0010100001
0010101010
0010101010
0010100111
0010100110
0010100011
0010100110
0010101001
0010100101
0010101010
0010101100
0010101101
0010110001
0010110011
0010110100
0010110001
0010110011
0010110000
0010110000
0010110000
0010101010
0010110001
0010101111
0010110110
0010110100
0010110100
0010110000
0010101100
0010101010
0010100010
0010011111
0010011011
0010011101
0010100100
0010101100
0010100110
0010100000
0010011100
0010011010
0010011011
0010011010
0010011010
0010011000
0010010110
0010100000
0010100000
0010100000
0010011110
0010011100
0010011110
0010011001
0010011011
0010011011
0010011000
0010011101
0010011100
0010011111
0010011101
0010100001
0010100010
0010100011
0010101010
0010100111
0010101011
0010100101
0010100010
0010100010
0010011111
0010100001
0010100101
0010100101
0010100110
0010101011
0010101010
0010100110
0010100110
0010100110
0010101100
0010101101
0010110000
0010110110
0010110100
0010110111
0010111010
0010110000
0010101101
0010101010
0010101101
0010110000
0010110000
0010110001
0010110100
0010110110
0010110111
0010111100
0010111101
0010111011
0011000001
0010111101
0010110100
0010111011
0010111000
0010110100
0010111000
0010111000
0010111110
0010110101
0010111100
0010111111
0010111001
0010110111
0010111010
0010111011
0010111101
0011000100
0011001010
0011001110
0011010001
0011001111
0011010011
0011001100
0011001000
0011000111
0010111011
0010111110
0010111010
0010110011
0010111010
0011000000
0011000110
0011001001
0011001001
0011000110
0011000110
0011000011
0011000100
0011000010
0011000000
0010111011
0010110111
0010110011
0010101111
0010110001
0010110110
0010110001
0010110010
0010110001
0010101101
0010110001
0010110011
0010101110
0010110101
0010110010
0010101111
0010111011
0010111001
0010111010
0010111110
0010111010
0010111100
0010111101
0010111101
0010111111
0011000000
0011000100
0010111110
0010111011
0010111011
0011000000
0011000000
0010111101
0010111001
0010111100
0010111001
0010110111
0010111101
0010111000
0010111001
0010111101
0011000000
0011000010
0011000110
0011001100
0011010000
0011001111
0011010000
0011001101
0011001100
0011010010
0011010000
0011010000
0011001111
0011010101
0011011100
0011011011
0011010010
0011010111
0011010111
0011011011
0011010101
0011010111
0011010110
0011011000
0011011101
0011011101
0011011100
0011011110
0011100100
0011100011
0011100001
0011100100
0011100101
0011101100
0011101111
0011101110
0011110001
0011101100
0011100111
0011100110
0011101011
0011101111
0011110100
0011110010
0011110011
0011110011
0011110001
0011110101
0011110000
0011110110
0011111000
0011111100
0100000101
