0000000011
0000000010
0000000100
1111111101
0000000011
0000000001
1111111010
1111110101
1111110001
1111101101
1111101001
1111110000
1111110100
1111111011
1111111011
1111110110
1111110001
1111101111
1111101010
1111101011
1111100110
1111101101
1111101110
1111110000
1111101101
1111101011
1111110001
1111110011
1111110100
1111111001
1111111011
1111111100
0000000001
1111111100
1111111000
1111111010
1111111001
1111110111
1111110111
1111110111
1111111001
1111110101
1111110101
1111110011
1111111110
1111111111
1111111111
0000000000
0000000011
0000000000
0000001001
0000000101
0000000100
0000001000
0000000010
1111111000
1111111100
1111111011
1111111110
1111111100
1111110110
1111110110
1111110001
1111101100
1111101111
1111110100
1111100110
1111100111
1111101001
1111101001
1111100001
1111100001
1111011111
1111011101
1111010111
1111011010
1111011000
1111010011
1111010001
1111010000
1111001010
1111001111
1111001110
1111001101
1111001000
1111000111
1111000000
1110111111
1110111111
1110111010
1110111000
1110110110
1110110000
1110111001
1110111000
1110111000
1110111000
1110111100
1110110010
1110110001
1110101011
1110101110
1110101110
1110110001
1110101101
1110110000
1110110001
1110110011
1110110011
1110110110
1110101111
1110110000
1110101111
1110101100
1110101111
1110110000
1110110010
1110111010
1110111010
1110111010
1110111001
1110110110
1110110111
1110110001
1110110010
1110110001
1110101101
1110101111
1110110000
1110101100
1110101011
1110101100
1110110010
1110110111
1110111010
1110111011
1110111000
1111000000
1110111100
1110111011
1111000100
1111000110
1111000100
1111000011
1111000000
1111000010
1111000010
1111001010
1111001110
1111001100
1111001011
1111001001
1111001110
1111010000
1111010010
1111010100
1111001110
1111010010
1111011000
1111010111
1111011011
1111011011
1111011000
1111010011
1111010001
1111001110
1111001111
1111010000
1111001111
1111001110
1111010000
1111001101
1111001111
1111010000
1111001001
1111001110
1111010111
1111011010
1111010111
1111010100
1111001101
1111001010
1111000111
1111000111
1111000111
1111000000
1110111110
1110111001
1110111101
1111000010
1111000111
1111000010
1111000110
1111001101
1111001100
1111001000
1111001100
1111001101
1111010011
1111001111
1111001001
1111001010
1111001001
1111000001
1111001000
1111000101
1111000011
1111000001
1111000100
1111000101
1111000110
1111001000
1111001010
1111000111
1111000100
1111001001
1111001001
1111001010
1111000000
1111000010
1111001001
1111001110
1111001110
1111010100
1111011000
1111010111
1111011100
1111011001
1111011001
1111010110
1111011001
1111011011
1111010110
1111010110
1111010101
1111010101
1111010101
1111011000
1111010101
1111001110
1111010000
1111010110
1111001110
1111001111
1111000010
1111000010
1111001001
1111000101
1111001010
1111000111
1111001001
1111001000
1111001100
1111000100
1111000001
1111000011
1111000111
1111001011
1111000110
1111001001
1111001010
1111001000
1111000110
1111000111
1111001000
1111000111
1111001100
1111001011
1111001110
1111011000
1111011100
1111100011
1111100001
1111100001
1111100011
1111100001
1111101000
1111101110
1111101101
1111101101
1111101111
1111101101
1111101010
1111101010
1111101001
1111100011
1111100011
1111100000
1111011111
1111100000
1111100101
1111100111
1111101000
1111100111
1111100111
1111100111
1111110001
1111110000
1111101110
1111110011
1111111011
1111110011
1111101101
1111100110
1111101110
1111110110
1111110111
1111111001
1111111010
1111111110
0000000001
1111111111
0000000001
0000000011
1111111110
1111111010
1111110110
1111111001
1111110001
1111111001
1111111001
1111110000
1111110000
1111110000
1111101100
1111110001
1111101100
1111101101
1111101010
1111101001
1111100111
1111100101
1111100111
1111100001
1111100000
1111011001
1111010100
1111011000
1111010010
1111010100
1111011011
1111011011
1111010111
1111011000
1111010100
1111001110
1111001110
1111001011
1111001010
1111000111
1111000010
1111000010
1110111010
1110111100
1110111000
1110111000
1110110011
1110110000
1110101110
1110100110
1110100111
1110100111
1110101000
1110100101
1110100111
1110100101
1110100100
1110100010
1110100010
1110100001
1110100100
1110100110
1110011110
1110100000
1110100001
1110100011
1110100001
1110011111
1110100100
1110100110
1110101001
1110101011
1110101101
1110110110
1110110101
1110110010
1110110001
1110110111
1110110011
1110110011
1110110000
1110101101
1110101101
1110101111
1110101001
1110101011
1110101100
1110110010
1110110101
1110101011
1110101100
1110110000
1110110001
1110110100
1110110111
1110110110
1110110111
1110110101
1110110010
1110101110
1110110100
1110110011
1110110001
1110110010
1110110111
1110111100
1111000001
1111000001
1111000001
1111000010
1111000110
1111001101
1111001100
1111010000
1111001111
1111010100
1111010010
1111001110
1111001100
1111001111
1111001010
1111000000
1111000000
1111001000
1111010000
1111010101
1111001111
1111001110
1111010000
1111010111
1111001101
1111001111
1111010010
1111001111
1111010010
1111010001
1111001111
1111001010
1111001011
1111001010
1111001101
1111001101
1111001001
1111001010
1111001001
1111001011
1111001100
1111010000
1111010100
1111010101
1111010100
1111011010
1111011100
1111011111
1111100010
1111011111
1111011101
1111011001
1111010110
1111010001
1111010010
1111010110
1111010101
1111001110
1111001101
1111001001
1111001001
1111001001
1111001101
1111001101
1111001100
1111001011
1111001100
1111000011
1111000001
1111000010
1111001000
1111001000
1111001010
1111001001
1111001010
1111000101
1111000000
1111000000
1111000100
1111001010
1111001001
1111010011
1111001011
1111001001
1111001010
1111000111
1110111011
1110111000
1110111110
1110111011
1110111100
1110110101
1110111010
1110111000
1110111111
1111000100
