1111111001
1111111011
1111111000
1111111101
1111111000
1111111011
1111110110
1111110001
1111110111
1111110111
1111110110
1111110101
1111110110
1111110011
1111110001
1111110110
1111110111
1111110100
1111110100
1111101111
1111110010
1111110000
1111101011
1111101110
1111101110
1111101110
1111101110
1111110010
1111110110
1111110101
1111110101
1111110100
1111110111
1111111001
1111111010
1111110100
1111110001
1111101100
1111110000
1111101101
1111101010
1111100101
1111100111
1111101001
1111101101
1111110001
1111110010
1111110001
1111101111
1111101110
1111100111
1111100111
1111101100
1111101111
1111101110
1111100111
1111100100
1111100000
1111100101
1111101000
1111100110
1111100101
1111100011
1111101100
1111101111
1111101110
1111100101
1111100010
1111100111
1111100101
1111100000
1111100000
1111100010
1111011110
1111011101
1111011100
1111011011
1111011011
1111011011
1111011110
1111100010
1111011110
1111011110
1111011101
1111011111
1111100110
1111100111
1111100110
1111101100
1111101010
1111101001
1111101010
1111100101
1111101001
1111101101
1111101101
1111101000
1111100111
1111110000
1111110001
1111101110
1111110011
1111110111
1111110100
1111110000
1111101001
1111110000
1111101101
1111100111
1111100001
1111010111
1111010010
1111001101
1111001110
1111001101
1111000111
1111000101
1111000111
1111000111
1111000111
1111001001
1111000100
1111000011
1110111100
1110111010
1110110110
1110110101
1110110101
1110110000
1110101101
1110101111
1110101101
1110101010
1110101001
1110110011
1110111010
1110111011
1110111011
1110110100
1110101100
1110101100
1110101100
1110101001
1110101011
1110100110
1110100010
1110011101
1110101000
1110100110
1110101000
1110101010
1110101010
1110100101
1110100111
1110100011
1110101010
1110101000
1110101100
1110101011
1110101010
1110101000
1110100001
1110100010
1110011111
1110100000
1110100001
1110011110
1110011110
1110100001
1110100001
1110100010
1110101001
1110101011
1110101101
1110101110
1110101011
1110101101
1110101001
1110100101
1110100100
1110100101
1110100011
1110011110
1110011110
1110100011
1110011011
1110011111
1110011101
1110011110
1110100100
1110101001
1110101101
1110101000
1110100101
1110100101
1110100111
1110100110
1110011011
1110010110
1110011100
1110011101
1110100000
1110011000
1110010110
1110011010
1110010110
1110011011
1110011100
1110011010
1110010100
1110010110
1110010101
1110010010
1110001111
1110001011
1110000010
1101111101
1110000001
1110000001
1101111100
1101111110
1101111000
1101111110
1110000010
1110000100
1110000011
1110000001
1110000011
1110000000
1110000011
1110000000
1101111110
1101111110
1101111101
1101111101
1110000011
1101111111
1110000000
1110000100
1110001000
1110000110
1101111110
1110000001
1110000011
1110000000
1101111010
1101111100
1101111011
1110000000
1101111001
1101110010
1101110000
1101111000
1101110011
1101110111
1101111001
1101110110
1101110100
1101111011
1101111011
1101111011
1101111011
1101111001
1101110100
1101110000
1101101101
1101110001
1101101101
1101100111
1101011111
1101100101
1101100000
1101100101
1101101010
1101101000
1101100110
1101100110
1101100110
1101100011
1101011111
1101100011
1101100101
1101011111
1101011001
1101011010
1101011001
1101011010
1101010111
1101010010
1101010011
1101010011
1101011100
1101010010
1101010010
1101010100
1101011000
1101011000
1101010111
1101010111
1101010111
1101010011
1101011001
1101011101
1101011110
1101011101
1101100001
1101011110
1101011111
1101011110
1101011000
1101011001
1101010100
1101010110
1101011000
1101010101
1101011000
1101011010
1101010110
1101011001
1101010101
1101010010
1101010010
1101010001
1101000111
1101000111
1101000110
1101000110
1101001010
1101000100
1101000100
1101000101
1101000011
1100111110
1100111110
1100111001
1100111011
1100111000
1100110111
1100110101
1100101110
1100101110
1100110001
1100110010
1100110001
1100110011
1100110000
1100101111
1100110000
1100101101
1100100101
1100101001
1100110100
1100111101
1100111100
1100111011
1100111001
1100110100
1100110110
1100111001
1100111110
1100111110
1101000000
1100111000
1100110110
1100110101
1100101100
1100101110
1100110001
1100110100
1100110010
1100101001
1100100101
1100101100
1100101001
1100100100
1100100101
1100100110
1100101001
1100101001
1100101001
1100101000
1100011110
1100011110
1100011110
1100100011
1100011111
1100100010
1100011001
1100011000
1100010110
1100001110
1100010000
1100001000
1100000011
1011111110
1011111100
1011111011
1011110110
1011110100
1011110011
1011110101
1011110101
1011110100
1011110100
1011110110
1011110111
1011111011
1011110110
1011110110
1011110100
1011110101
1011101100
1011110100
1011110100
1011101111
1011100111
1011100111
1011100101
1011011111
1011100100
1011101010
1011101011
1011101011
1011110010
1011110000
1011110101
1011110110
1011101111
1011101100
1011100110
1011100111
1011101110
1011110000
1011110011
1011101010
1011100111
1011100101
1011011100
1011011010
1011011100
1011011010
1011001111
1011001101
1011010001
1011010010
1011010111
1011011001
1011010110
1011011011
1011011010
1011100000
1011100001
1011100000
1011100110
1011100110
1011100110
1011011110
1011011100
1011010111
1011011011
1011100001
1011100011
1011100001
1011100000
1011011101
1011011010
1011010111
1011010010
1011010000
1011010010
1011010100
1011011001
1011010111
1011011001
1011010110
1011010110
1011010110
1011011011
1011011110
1011011110
1011100011
1011100000
1011100101
1011100110
1011100111
1011100110
1011100110
1011100011
1011100111
1011101001
1011101011
1011101111
1011101111
1011110010
1011101011
1011110000
1011101000
1011110000
1011110000
1011101100
1011101101
1011100101
1011011111
1011011100
1011011010
1011010011
1011010111
1011010010
1011010111
1011010101
1011011001
1011010101
