1111111111
1111111110
1111111101
1111111111
0000000011
1111111101
1111111110
0000000010
0000000001
1111111011
1111111111
1111111011
1111111101
1111111101
1111111011
1111111101
0000000101
0000001001
0000001000
0000000100
1111111111
1111111000
1111110111
1111110100
1111110101
1111110010
1111110000
1111101111
1111110001
1111101010
1111101100
1111101000
1111100100
1111101011
1111101001
1111101101
1111101110
1111100101
1111101001
1111101010
1111101011
1111101101
1111101011
1111101001
1111110000
1111110010
1111110101
1111110010
1111110000
1111110010
1111110001
1111110011
1111110111
1111110001
1111110110
1111111010
1111111011
0000000011
0000000100
0000001010
0000001010
0000001000
0000001110
0000010000
0000011011
0000010101
0000010110
0000011010
0000100010
0000011100
0000010110
0000010100
0000010011
0000011000
0000010110
0000011100
0000011010
0000011010
0000011011
0000011110
0000010100
0000010010
0000001110
0000001111
0000001110
0000010001
0000010000
0000001110
0000001001
0000010000
0000010101
0000010110
0000010011
0000001111
0000001100
0000001000
0000001000
0000001001
0000000110
0000000101
0000000011
0000000010
0000000111
0000000000
1111111001
1111111010
1111111011
1111110000
1111101001
1111101001
1111101100
1111101011
1111101010
1111100100
1111101101
1111110000
1111110011
1111111001
1111110100
1111111011
1111111010
1111111011
1111110111
1111110110
1111110110
1111110100
1111110110
1111110101
1111101101
1111101111
1111110010
1111110011
1111101011
1111101010
1111100011
1111100101
1111100010
1111100001
1111100011
1111100101
1111100010
1111101000
1111100111
1111100101
1111101100
1111101110
1111101111
1111110011
1111101111
1111101111
1111101110
1111101111
1111101111
1111101011
1111101111
1111110000
1111101101
1111101010
1111101111
1111101110
1111110001
1111101100
1111100111
1111100010
1111100101
1111101010
1111100011
1111100000
1111011110
1111011001
1111010100
1111010111
1111011001
1111011001
1111011000
1111010111
1111011000
1111011011
1111011101
1111100000
1111011011
1111011111
1111011111
1111011011
1111011011
1111010101
1111010011
1111010001
1111010100
1111010110
1111011011
1111011101
1111011010
1111011011
1111011000
1111010001
1111010110
1111011001
1111011001
1111010111
1111010111
1111010001
1111001001
1111001111
1111001100
1111010000
1111000101
1111000001
1111001001
1111001001
1111001100
1111010001
1111001100
1111010001
1111001111
1111001111
1111010011
1111010011
1111010001
1111010011
1111010101
1111010010
1111001011
1111001001
1111001001
1111000101
1111000011
1110111110
1110111011
1110111010
1110110011
1110101110
1110110100
1110110001
1110110001
1110101100
1110101100
1110101100
1110101010
1110101001
1110101010
1110101011
1110101101
1110101100
1110101001
1110100110
1110100101
1110101010
1110101100
1110101100
1110101110
1110110001
1110110110
1110110000
1110110100
1110110011
1110110010
1110101001
1110100101
1110100111
1110100100
1110100010
1110101000
1110100101
1110100101
1110101110
1110101100
1110110100
1110110100
1110111100
1110110111
1110110101
1110110100
1110110101
1110110110
1110110101
1110110011
1110110000
1110110011
1110101111
1110110101
1110111000
1110110101
1110111001
1110110100
1110110110
1110110101
1110110111
1110101111
1110110000
1110101010
1110101100
1110101100
1110101110
1110101010
1110101101
1110110010
1110110000
1110101110
1110101000
1110101011
1110110001
1110110111
1110110110
1110110001
1110110001
1110110101
1110110111
1110110110
1110101111
1110110001
1110110011
1110111000
1110110100
1110110010
1110110000
1110110001
1110101101
1110101100
1110110101
1110111000
1110111101
1110111001
1110110100
1110110010
1110110101
1110110011
1110110011
1110110001
1110110001
1110101100
1110101100
1110100101
1110100111
1110101110
1110101011
1110101000
1110101010
1110101110
1110101011
1110101111
1110100010
1110011010
1110011001
1110010111
1110010010
1110010000
1110001111
1110001001
1110001010
1110001010
1110001010
1110010000
1110001110
1110001111
1110001010
1110010001
1110010010
1110001111
1110001111
1110001101
1110010001
1110001111
1110010000
1110010000
1110010010
1110010010
1110001110
1110001111
1110010000
1110010001
1110010000
1110010000
1110001101
1110000110
1101111011
1101111101
1101111010
1101110111
1101111011
1101111010
1110000010
1101111000
1101111010
1101110101
1101110011
1101110001
1101101110
1101110111
1101111100
1101111110
1101111100
1101111110
1101110110
1101110011
1101110110
1101111000
1101110111
1101111100
1101111100
1101111110
1101111111
1110000000
1110000111
1110000110
1110001000
1110000100
1110000010
1101111111
1101111111
1101111111
1101111011
1101111010
1101110111
1101110101
1101110101
1101110100
1101111010
1101111101
1101111110
1110000010
1110000101
1110000001
1101111101
1110000001
1101111100
1101110110
1101111100
1101111100
1101111011
1101110111
1101101111
1101110010
1101110101
1101110100
1101110101
1101110010
1101101101
1101101101
1101110100
1101110000
1101101111
1101110000
1101101110
1101110000
1101101101
1101101110
1101110010
1101101110
1101101110
1101101100
1101100111
1101110000
1101110000
1101110010
1101110101
1101110001
1101101110
1101101010
1101101000
1101011111
1101011111
1101011111
1101011011
1101011011
1101011101
1101011101
1101100010
1101100110
1101100110
1101100100
1101101000
1101100111
1101101011
1101101000
1101100111
1101110000
1101110001
1101101100
1101101100
1101101011
1101101110
1101110101
1101111101
1101111110
1101111101
1110000001
1110000000
1101111101
1110000000
1110001001
1110001000
1110000001
1110000001
1110000101
1110000001
1101111100
1101111100
1101110110
1101111100
1101111000
1101111001
1101111001
1101111011
1101111101
1101111010
1110000000
1110000100
1110000010
1110000010
1101111100
1101111110
